1416,35
1416,34
1416,33
1416,32
1416,31
1416,30
1416,29
1416,28
1416,27
1416,26
1416,25
1416,24
1416,23
1416,22
1416,21
1416,20
1416,19
1416,18
1416,17
1416,16
1416,15
1416,14
1416,13
1416,12
1416,11
1416,10
1416,9
1416,8
1416,7
1416,6
1424,5
1424,4
1424,3
1424,2
1424,1
1424,0
1416,5
1416,4
1416,3
1416,2
1416,1
1416,0
1401,511
1401,510
1401,509
1401,508
1401,507
1401,506
1401,505
1401,504
1401,503
1401,502
1401,501
1401,500
1401,499
1401,498
1401,497
1401,496
1401,495
1401,494
1401,493
1401,492
1401,491
1401,490
1401,489
1401,488
1401,487
1401,486
1401,485
1401,484
1401,483
1401,482
1401,481
1401,480
1401,479
1401,478
1401,477
1401,476
1401,475
1401,474
1401,473
1401,472
1401,471
1401,470
1401,469
1401,468
1401,467
1401,466
1401,465
1401,464
1401,463
1401,462
1401,461
1401,460
1401,459
1401,458
1401,457
1401,456
1401,455
1401,454
1401,453
1401,452
1401,451
1401,450
1401,449
1401,448
1408,37
1408,36
1408,35
1408,34
1408,33
1408,32
1408,31
1408,30
1408,29
1408,28
1408,27
1408,26
1408,25
1408,24
1408,23
1408,22
1408,21
1408,20
1408,19
1408,18
1408,17
1408,16
1408,15
1408,14
1408,13
1408,12
1408,11
1408,10
1408,9
1408,8
1408,7
1408,6
1408,5
1408,4
1408,3
1408,2
1408,1
1408,0
1400,5
1400,4
1400,3
1400,2
1400,1
1400,0
1392,5
1392,4
1392,3
1392,2
1392,1
1392,0
1376,575
1376,574
1376,573
1376,572
1376,571
1376,570
1376,569
1376,568
1376,567
1376,566
1376,565
1376,564
1376,563
1376,562
1376,561
1376,560
1376,559
1376,558
1376,557
1376,556
1376,555
1376,554
1376,553
1376,552
1376,551
1376,550
1376,549
1376,548
1376,547
1376,546
1376,545
1376,544
1376,543
1376,542
1376,541
1376,540
1376,539
1376,538
1376,537
1376,536
1376,535
1376,534
1376,533
1376,532
1376,531
1376,530
1376,529
1376,528
1376,527
1376,526
1376,525
1376,524
1376,523
1376,522
1376,521
1376,520
1376,519
1376,518
1376,517
1376,516
1376,515
1376,514
1376,513
1376,512
1383,90
1383,89
1383,88
1383,87
1383,86
1383,85
1383,84
1383,83
1383,82
1383,81
1383,80
1383,79
1383,78
1383,77
1383,76
1383,75
1383,74
1383,73
1376,39
1376,38
1376,37
1376,36
1376,35
1376,34
1376,33
1376,32
1376,31
1376,30
1376,29
1376,28
1376,27
1376,26
1376,25
1376,24
1376,23
1376,22
1376,21
1376,20
1376,19
1376,18
1376,17
1376,16
1376,15
1376,14
1376,13
1376,12
1376,11
1376,10
1376,9
1376,8
1383,72
1383,71
1383,70
1383,69
1383,68
1383,67
1383,66
1383,65
1383,64
1384,37
1384,36
1384,35
1384,34
1384,33
1384,32
1384,31
1384,30
1384,29
1384,28
1384,27
1384,26
1384,25
1384,24
1384,23
1384,22
1384,21
1384,20
1384,19
1384,18
1384,17
1384,16
1384,15
1384,14
1384,13
1384,12
1384,11
1384,10
1384,9
1384,8
1384,7
1384,6
1384,5
1384,4
1384,3
1384,2
1384,1
1384,0
1376,7
1376,6
1376,5
1376,4
1376,3
1376,2
1376,1
1376,0
1368,5
1368,4
1368,3
1368,2
1368,1
1368,0
1351,639
1351,638
1351,637
1351,636
1351,635
1351,634
1351,633
1351,632
1351,631
1351,630
1351,629
1351,628
1351,627
1351,626
1351,625
1351,624
1351,623
1351,622
1351,621
1351,620
1351,619
1351,618
1351,617
1351,616
1351,615
1351,614
1351,613
1351,612
1351,611
1351,610
1351,609
1351,608
1351,607
1351,606
1351,605
1351,604
1351,603
1351,602
1351,601
1351,600
1351,599
1351,598
1351,597
1351,596
1351,595
1351,594
1351,593
1351,592
1351,591
1351,590
1351,589
1351,588
1351,587
1351,586
1351,585
1351,584
1351,583
1351,582
1351,581
1351,580
1351,579
1351,578
1351,577
1351,576
1352,9
1359,84
1359,83
1359,82
1359,81
1359,80
1359,79
1352,8
1351,127
1351,126
1351,125
1351,124
1351,123
1351,122
1351,121
1351,120
1351,119
1351,118
1351,117
1351,116
1351,115
1351,114
1351,113
1351,112
1351,111
1351,110
1351,109
1351,108
1351,107
1351,106
1351,105
1351,104
1351,103
1351,102
1351,101
1351,100
1351,99
1351,98
1351,97
1351,96
1351,95
1351,94
1351,93
1351,92
1351,91
1351,90
1351,89
1351,88
1351,87
1351,86
1351,85
1351,84
1351,83
1351,82
1351,81
1351,80
1351,79
1351,78
1351,77
1351,76
1351,75
1351,74
1351,73
1351,72
1351,71
1351,70
1351,69
1351,68
1351,67
1351,66
1351,65
1351,64
1360,7
1360,6
1359,78
1352,7
1352,6
1359,77
1359,76
1359,75
1359,74
1359,73
1359,72
1359,71
1359,70
1359,69
1359,68
1359,67
1359,66
1359,65
1359,64
1360,5
1360,4
1360,3
1360,2
1360,1
1360,0
1352,5
1352,4
1352,3
1352,2
1352,1
1352,0
1344,5
1344,4
1344,3
1344,2
1344,1
1344,0
1326,191
1326,190
1326,189
1326,188
1326,187
1326,186
1326,185
1326,184
1326,183
1326,182
1326,181
1326,180
1326,179
1326,178
1326,177
1326,176
1326,175
1326,174
1326,173
1326,172
1326,171
1326,170
1326,169
1326,168
1326,167
1326,166
1326,165
1326,164
1326,163
1326,162
1326,161
1326,160
1326,159
1326,158
1326,157
1326,156
1326,155
1326,154
1326,153
1326,152
1326,151
1326,150
1326,149
1326,148
1326,147
1326,146
1326,145
1326,144
1326,143
1326,142
1326,141
1326,140
1326,139
1326,138
1326,137
1326,136
1326,135
1326,134
1326,133
1326,132
1326,131
1326,130
1326,129
1326,128
1328,29
1328,28
1328,27
1328,26
1328,25
1328,24
1328,23
1328,22
1328,21
1328,20
1328,19
1328,18
1328,17
1328,16
1328,15
1328,14
1328,13
1328,12
1328,11
1328,10
1328,9
1328,8
1328,7
1328,6
1336,5
1336,4
1336,3
1336,2
1336,1
1336,0
1328,5
1328,4
1328,3
1328,2
1328,1
1328,0
1320,5
1320,4
1320,3
1320,2
1320,1
1320,0
1301,255
1301,254
1301,253
1301,252
1301,251
1301,250
1301,249
1301,248
1301,247
1301,246
1301,245
1301,244
1301,243
1301,242
1301,241
1301,240
1301,239
1301,238
1301,237
1301,236
1301,235
1301,234
1301,233
1301,232
1301,231
1301,230
1301,229
1301,228
1301,227
1301,226
1301,225
1301,224
1301,223
1301,222
1301,221
1301,220
1301,219
1301,218
1301,217
1301,216
1301,215
1301,214
1301,213
1301,212
1301,211
1301,210
1301,209
1301,208
1301,207
1301,206
1301,205
1301,204
1301,203
1301,202
1301,201
1301,200
1301,199
1301,198
1301,197
1301,196
1301,195
1301,194
1301,193
1301,192
1304,37
1304,36
1304,35
1304,34
1304,33
1304,32
1304,31
1304,30
1304,29
1304,28
1304,27
1304,26
1304,25
1304,24
1304,23
1304,22
1304,21
1304,20
1304,19
1304,18
1304,17
1304,16
1304,15
1304,14
1304,13
1304,12
1304,11
1304,10
1304,9
1304,8
1304,7
1304,6
1312,5
1312,4
1312,3
1312,2
1312,1
1312,0
1304,5
1304,4
1304,3
1304,2
1304,1
1304,0
1296,5
1296,4
1296,3
1296,2
1296,1
1296,0
1279,87
1279,86
1279,85
1279,84
1276,831
1276,830
1276,829
1276,828
1276,827
1276,826
1276,825
1276,824
1276,823
1276,822
1276,821
1276,820
1276,819
1276,818
1276,817
1276,816
1276,815
1276,814
1276,813
1276,812
1276,811
1276,810
1276,809
1276,808
1276,807
1276,806
1276,805
1276,804
1276,803
1276,802
1276,801
1276,800
1276,799
1276,798
1276,797
1276,796
1276,795
1276,794
1276,793
1276,792
1276,791
1276,790
1276,789
1276,788
1276,787
1276,786
1276,785
1276,784
1276,783
1276,782
1276,781
1276,780
1276,779
1276,778
1276,777
1276,776
1276,775
1276,774
1276,773
1276,772
1276,771
1276,770
1276,769
1276,768
1279,83
1279,82
1279,81
1279,80
1279,79
1279,78
1279,77
1276,319
1276,318
1276,317
1276,316
1276,315
1276,314
1276,313
1276,312
1276,311
1276,310
1276,309
1276,308
1276,307
1276,306
1276,305
1276,304
1276,303
1276,302
1276,301
1276,300
1276,299
1276,298
1276,297
1276,296
1276,295
1276,294
1276,293
1276,292
1276,291
1276,290
1276,289
1276,288
1276,287
1276,286
1276,285
1276,284
1276,283
1276,282
1276,281
1276,280
1276,279
1276,278
1276,277
1276,276
1276,275
1276,274
1276,273
1276,272
1276,271
1276,270
1276,269
1276,268
1276,267
1276,266
1276,265
1276,264
1276,263
1276,262
1276,261
1276,260
1276,259
1276,258
1276,257
1276,256
1279,76
1279,75
1279,74
1279,73
1279,72
1279,71
1279,70
1279,69
1279,68
1279,67
1279,66
1279,65
1279,64
1288,37
1288,36
1288,35
1288,34
1288,33
1288,32
1288,31
1288,30
1288,29
1288,28
1288,27
1288,26
1288,25
1288,24
1288,23
1288,22
1288,21
1288,20
1288,19
1288,18
1288,17
1288,16
1288,15
1288,14
1288,13
1288,12
1288,11
1288,10
1288,9
1288,8
1288,7
1288,6
1288,5
1288,4
1288,3
1288,2
1288,1
1288,0
1280,5
1280,4
1280,3
1280,2
1280,1
1280,0
1272,5
1272,4
1272,3
1272,2
1272,1
1272,0
1264,5
1264,4
1264,3
1264,2
1264,1
1264,0
1251,383
1251,382
1251,381
1251,380
1251,379
1251,378
1251,377
1251,376
1251,375
1251,374
1251,373
1256,15
1256,14
1251,372
1251,371
1251,370
1251,369
1251,368
1251,367
1251,366
1251,365
1251,364
1251,363
1251,362
1251,361
1251,360
1251,359
1251,358
1251,357
1251,356
1251,355
1251,354
1251,353
1251,352
1251,351
1251,350
1251,349
1251,348
1251,347
1251,346
1251,345
1251,344
1251,343
1251,342
1251,341
1251,340
1251,339
1251,338
1251,337
1251,336
1251,335
1251,334
1251,333
1251,332
1251,331
1251,330
1251,329
1251,328
1251,327
1251,326
1251,325
1251,324
1251,323
1251,322
1251,321
1251,320
1256,13
1256,12
1256,11
1256,10
1256,9
1256,8
1256,7
1256,6
0,575
0,574
0,573
0,572
0,571
1263,83
1263,82
1263,81
1263,80
1263,79
1263,78
1263,77
1263,76
1263,75
1263,74
1263,73
1263,72
1263,71
1263,70
1263,69
1263,68
1263,67
1263,66
1263,65
1263,64
1256,5
1256,4
1256,3
1256,2
1256,1
1256,0
1248,5
1248,4
1248,3
1248,2
1248,1
1248,0
1240,5
1240,4
1240,3
1240,2
1240,1
1240,0
0,562
0,554
8,26
8,25
8,24
8,23
8,22
8,21
8,20
8,19
8,18
8,17
8,16
8,15
8,14
8,13
8,12
1232,5
1232,4
1232,3
1232,2
1232,1
1232,0
1224,5
1224,4
1224,3
1224,2
1224,1
1224,0
1216,5
1216,4
1216,3
1216,2
1216,1
1216,0
1213,767
1213,766
1213,765
1213,764
1213,763
1213,762
1213,761
1213,760
1213,759
1213,758
1213,757
1213,756
1213,755
1213,754
1213,753
1213,752
1213,751
1213,750
1213,749
1213,748
1213,747
1213,746
1213,745
1213,744
1213,743
1213,742
1213,741
1213,740
1213,739
1213,738
1213,737
1213,736
1213,735
1213,734
1213,733
1213,732
1213,731
1213,730
1213,729
1213,728
1213,727
1213,726
1213,725
1213,724
1213,723
1213,722
1213,721
1213,720
1213,719
1213,718
1213,717
1213,716
1213,715
1213,714
1213,713
1213,712
1213,711
1213,710
1213,709
1213,708
1213,707
1213,706
1213,705
1213,704
0,538
0,535
0,532
0,527
0,523
0,521
1213,255
1213,254
1213,253
1213,252
1213,251
1213,250
1213,249
1213,248
1213,247
1213,246
1213,245
1213,244
1213,243
1213,242
1213,241
1213,240
1213,239
1213,238
1213,237
1213,236
1213,235
1213,234
1213,233
1213,232
1213,231
1213,230
1213,229
1213,228
1213,227
1213,226
1213,225
1213,224
1213,223
1213,222
1213,221
1213,220
1213,219
1213,218
1213,217
1213,216
1213,215
1213,214
1213,213
1213,212
1213,211
1213,210
1213,209
1213,208
1213,207
1213,206
1213,205
1213,204
1213,203
1213,202
1213,201
1213,200
1213,199
1213,198
1213,197
1213,196
1213,195
1213,194
1213,193
1213,192
0,519
0,518
0,517
1208,22
1208,21
1208,20
0,514
0,512
1208,19
1208,18
1208,17
1208,16
1208,15
1208,14
24,5
24,1
24,3
24,0
64,11
64,2
63,101
63,100
63,99
63,98
63,97
63,96
63,95
63,94
63,93
63,92
63,91
63,90
63,89
63,88
63,87
63,86
63,85
63,84
63,83
63,82
63,66
63,76
63,75
63,77
63,73
8,36
8,2
8,11
8,7
8,8
8,9
8,31
8,32
8,4
8,27
8,33
63,68
63,72
63,70
1208,13
1208,12
1208,11
1208,10
1208,9
1208,8
1208,7
1208,6
1208,5
1208,4
1208,3
1208,2
1208,1
1208,0
1192,5
1192,4
1192,3
1192,1
1192,0
64,10
64,9
64,8
64,7
64,6
64,5
64,4
64,3
64,1
64,0
63,81
63,80
63,79
63,78
63,74
63,71
63,69
63,67
63,65
63,64
16,8
16,7
16,6
16,3
16,1
16,0
8,35
8,34
8,30
8,28
8,10
8,6
8,5
8,3
8,1
8,0
0,569
0,563
0,559
0,550
0,547
0,546
0,544
0,540
0,537
0,530
0,526
0,520
0,516
0,513
0,9
0,12
0,10
0,8
0,0
0,542
0,525
0,564
0,524
0,515
0,557
0,555
0,553
0,567
0,566
0,529
0,536
0,552
0,522
0,541
0,551
0,528
0,534
0,561
0,545
0,549
0,539
0,533
0,570
0,556
0,560
0,548
0,565
0,568
0,543
0,63
0,62
0,61
0,60
0,59
0,58
0,57
0,56
0,55
0,558
0,54
0,53
0,52
0,51
0,50
0,49
0,48
0,47
0,46
0,531
0,45
0,6
0,5
0,1
0,11
0,4
0,2
0,3
0,7
1417,37
1417,36
1417,35
1417,34
1417,33
1417,32
1417,31
1417,30
1417,29
1417,28
1417,27
1417,26
1417,25
1417,24
1417,23
1417,22
1417,21
1417,20
1417,19
1417,18
1417,17
1417,16
1417,15
1417,14
1417,13
1417,12
1417,11
1417,10
1417,9
1417,8
1417,7
1417,6
1425,5
1425,4
1425,3
1425,2
1425,1
1425,0
1417,5
1417,4
1417,3
1417,2
1417,1
1417,0
1401,575
1401,574
1401,573
1401,572
1401,571
1401,570
1401,569
1401,568
1401,567
1401,566
1401,565
1401,564
1401,563
1401,562
1401,561
1401,560
1401,559
1401,558
1401,557
1401,556
1401,555
1401,554
1401,553
1401,552
1401,551
1401,550
1401,549
1401,548
1401,547
1401,546
1401,545
1401,544
1401,543
1401,542
1401,541
1401,540
1401,539
1401,538
1401,537
1401,536
1401,535
1401,534
1401,533
1401,532
1401,531
1401,530
1401,529
1401,528
1401,527
1401,526
1401,525
1401,524
1401,523
1401,522
1401,521
1401,520
1401,519
1401,518
1401,517
1401,516
1401,515
1401,514
1401,513
1401,512
1408,90
1408,89
1408,88
1408,87
1408,86
1408,85
1408,84
1408,83
1408,82
1408,81
1408,80
1408,79
1408,78
1408,77
1408,76
1408,75
1408,74
1408,73
1401,39
1401,38
1401,37
1401,36
1401,35
1401,34
1401,33
1401,32
1401,31
1401,30
1401,29
1401,28
1401,27
1401,26
1401,25
1401,24
1401,23
1401,22
1401,21
1401,20
1401,19
1401,18
1401,17
1401,16
1401,15
1401,14
1401,13
1401,12
1401,11
1401,10
1401,9
1401,8
1408,72
1408,71
1408,70
1408,69
1408,68
1408,67
1408,66
1408,65
1408,64
1409,37
1409,36
1409,35
1409,34
1409,33
1409,32
1409,31
1409,30
1409,29
1409,28
1409,27
1409,26
1409,25
1409,24
1409,23
1409,22
1409,21
1409,20
1409,19
1409,18
1409,17
1409,16
1409,15
1409,14
1409,13
1409,12
1409,11
1409,10
1409,9
1409,8
1409,7
1409,6
1409,5
1409,4
1409,3
1409,2
1409,1
1409,0
1401,7
1401,6
1401,5
1401,4
1401,3
1401,2
1401,1
1401,0
1393,5
1393,4
1393,3
1393,2
1393,1
1393,0
1376,638
1376,637
1376,636
1376,635
1376,634
1376,633
1376,632
1376,631
1376,630
1376,629
1376,628
1376,627
1376,626
1376,625
1376,624
1376,623
1376,622
1376,621
1376,620
1376,619
1376,618
1376,617
1376,616
1376,615
1376,614
1376,613
1376,612
1376,611
1376,610
1376,609
1376,608
1376,607
1376,606
1376,605
1376,604
1376,603
1376,602
1376,601
1376,600
1376,599
1376,598
1376,597
1376,596
1376,595
1376,594
1376,593
1376,592
1376,591
1376,590
1376,589
1376,588
1376,587
1376,586
1376,585
1376,584
1376,583
1376,582
1376,581
1376,580
1376,579
1376,578
1376,577
1376,576
1377,9
1384,84
1384,83
1384,82
1384,81
1384,80
1384,79
1377,8
1376,127
1376,126
1376,125
1376,124
1376,123
1376,122
1376,121
1376,120
1376,119
1376,118
1376,117
1376,116
1376,115
1376,114
1376,113
1376,112
1376,111
1376,110
1376,109
1376,108
1376,107
1376,106
1376,105
1376,104
1376,103
1376,102
1376,101
1376,100
1376,99
1376,98
1376,97
1376,96
1376,95
1376,94
1376,93
1376,92
1376,91
1376,90
1376,89
1376,88
1376,87
1376,86
1376,85
1376,84
1376,83
1376,82
1376,81
1376,80
1376,79
1376,78
1376,77
1376,76
1376,75
1376,74
1376,73
1376,72
1376,71
1376,70
1376,69
1376,68
1376,67
1376,66
1376,65
1376,64
1385,7
1385,6
1384,78
1377,7
1377,6
1384,77
1384,76
1384,75
1384,74
1384,73
1384,72
1384,71
1384,70
1384,69
1384,68
1384,67
1384,66
1384,65
1384,64
1385,5
1385,4
1385,3
1385,2
1385,1
1385,0
1377,5
1377,4
1377,3
1377,2
1377,1
1377,0
1369,5
1369,4
1369,3
1369,2
1369,1
1369,0
1351,191
1351,190
1351,189
1351,188
1351,187
1351,186
1351,185
1351,184
1351,183
1351,182
1351,181
1351,180
1351,179
1351,178
1351,177
1351,176
1351,175
1351,174
1351,173
1351,172
1351,171
1351,170
1351,169
1351,168
1351,167
1351,166
1351,165
1351,164
1351,163
1351,162
1351,161
1351,160
1351,159
1351,158
1351,157
1351,156
1351,155
1351,154
1351,153
1351,152
1351,151
1351,150
1351,149
1351,148
1351,147
1351,146
1351,145
1351,144
1351,143
1351,142
1351,141
1351,140
1351,139
1351,138
1351,137
1351,136
1351,135
1351,134
1351,133
1351,132
1351,131
1351,130
1351,129
1351,128
1353,31
1353,30
1353,29
1353,28
1353,27
1353,26
1353,25
1353,24
1353,23
1353,22
1353,21
1353,20
1353,19
1353,18
1353,17
1353,16
1353,15
1353,14
1353,13
1353,12
1353,11
1353,10
1353,9
1353,8
1353,7
1353,6
1361,5
1361,4
1361,3
1361,2
1361,1
1361,0
1353,5
1353,4
1353,3
1353,2
1353,1
1353,0
1345,5
1345,4
1345,3
1345,2
1345,1
1345,0
1326,255
1326,254
1326,253
1326,252
1326,251
1326,250
1326,249
1326,248
1326,247
1326,246
1326,245
1326,244
1326,243
1326,242
1326,241
1326,240
1326,239
1326,238
1326,237
1326,236
1326,235
1326,234
1326,233
1326,232
1326,231
1326,230
1326,229
1326,228
1326,227
1326,226
1326,225
1326,224
1326,223
1326,222
1326,221
1326,220
1326,219
1326,218
1326,217
1326,216
1326,215
1326,214
1326,213
1326,212
1326,211
1326,210
1326,209
1326,208
1326,207
1326,206
1326,205
1326,204
1326,203
1326,202
1326,201
1326,200
1326,199
1326,198
1326,197
1326,196
1326,195
1326,194
1326,193
1326,192
1329,37
1329,36
1329,35
1329,34
1329,33
1329,32
1329,31
1329,30
1329,29
1329,28
1329,27
1329,26
1329,25
1329,24
1329,23
1329,22
1329,21
1329,20
1329,19
1329,18
1329,17
1329,16
1329,15
1329,14
1329,13
1329,12
1329,11
1329,10
1329,9
1329,8
1329,7
1329,6
1337,5
1337,4
1337,3
1337,2
1337,1
1337,0
1329,5
1329,4
1329,3
1329,2
1329,1
1329,0
1321,5
1321,4
1321,3
1321,2
1321,1
1321,0
1301,319
1301,318
1301,317
1301,316
1301,315
1301,314
1301,313
1301,312
1301,311
1301,310
1301,309
1301,308
1301,307
1301,306
1301,305
1301,304
1301,303
1301,302
1301,301
1301,300
1301,299
1301,298
1301,297
1301,296
1301,295
1301,294
1301,293
1301,292
1301,291
1301,290
1301,289
1301,288
1301,287
1301,286
1301,285
1301,284
1301,283
1301,282
1301,281
1301,280
1301,279
1301,278
1301,277
1301,276
1301,275
1301,274
1301,273
1301,272
1301,271
1301,270
1301,269
1301,268
1301,267
1301,266
1301,265
1301,264
1301,263
1301,262
1301,261
1301,260
1301,259
1301,258
1301,257
1301,256
1304,76
1304,75
1304,74
1304,73
1304,72
1304,71
1304,70
1304,69
1304,68
1304,67
1304,66
1304,65
1304,64
1313,37
1313,36
1313,35
1313,34
1313,33
1313,32
1313,31
1313,30
1313,29
1313,28
1313,27
1313,26
1313,25
1313,24
1313,23
1313,22
1313,21
1313,20
1313,19
1313,18
1313,17
1313,16
1313,15
1313,14
1313,13
1313,12
1313,11
1313,10
1313,9
1313,8
1313,7
1313,6
1313,5
1313,4
1313,3
1313,2
1313,1
1313,0
1305,5
1305,4
1305,3
1305,2
1305,1
1305,0
1297,5
1297,4
1297,3
1297,2
1297,1
1297,0
1289,5
1289,4
1289,3
1289,2
1289,1
1289,0
1276,895
1276,894
1276,893
1276,892
1276,891
1276,890
1276,889
1276,888
1276,887
1276,886
1276,885
1276,884
1276,883
1276,882
1276,881
1276,880
1276,879
1276,878
1276,877
1276,876
1276,875
1276,874
1276,873
1276,872
1276,871
1276,870
1276,869
1276,868
1276,867
1276,866
1276,865
1276,864
1276,863
1276,862
1276,861
1276,860
1276,859
1276,858
1276,857
1276,856
1276,855
1276,854
1276,853
1276,852
1276,851
1276,850
1276,849
1276,848
1276,847
1276,846
1276,845
1276,844
1276,843
1276,842
1276,841
1276,840
1276,839
1276,838
1276,837
1276,836
1276,835
1276,834
1276,833
1276,832
1276,383
1276,382
1276,381
1276,380
1276,379
1276,378
1276,377
1276,376
1276,375
1276,374
1276,373
1276,372
1281,15
1281,14
1276,371
1276,370
1276,369
1276,368
1276,367
1276,366
1276,365
1276,364
1276,363
1276,362
1276,361
1276,360
1276,359
1276,358
1276,357
1276,356
1276,355
1276,354
1276,353
1276,352
1276,351
1276,350
1276,349
1276,348
1276,347
1276,346
1276,345
1276,344
1276,343
1276,342
1276,341
1276,340
1276,339
1276,338
1276,337
1276,336
1276,335
1276,334
1276,333
1276,332
1276,331
1276,330
1276,329
1276,328
1276,327
1276,326
1276,325
1276,324
1276,323
1276,322
1276,321
1276,320
1281,13
1281,12
1281,11
1281,10
1281,9
1281,8
1281,7
1281,6
1288,83
1288,82
1288,81
1288,80
1288,79
1288,78
1288,77
1288,76
1288,75
1288,74
1288,73
1288,72
1288,71
1288,70
1288,69
1288,68
1288,67
1288,66
1288,65
1288,64
1281,5
1281,4
1281,3
1281,2
1281,1
1281,0
1273,5
1273,4
1273,3
1273,2
1273,1
1273,0
1265,5
1265,4
1265,3
1265,2
1265,1
1265,0
1257,14
1257,13
1257,12
1257,11
1251,447
1251,446
1251,445
1251,444
1251,443
1251,442
1251,441
1251,440
1251,439
1251,438
1251,437
1251,436
1251,435
1251,434
1251,433
1251,432
1251,431
1251,430
1251,429
1251,428
1251,427
1251,426
1251,425
1251,424
1251,423
1251,422
1251,421
1251,420
1251,419
1251,418
1251,417
1251,416
1251,415
1251,414
1251,413
1251,412
1251,411
1251,410
1251,409
1251,408
1251,407
1251,406
1251,405
1251,404
1251,403
1251,402
1251,401
1251,400
1251,399
1251,398
1251,397
1251,396
1251,395
1251,394
1251,393
1251,392
1251,391
1251,390
1251,389
1251,388
1251,387
1251,386
1251,385
1251,384
1257,10
1257,9
1257,8
1257,7
1257,6
1257,5
1257,4
1257,3
1257,2
1257,1
1257,0
1249,5
1249,4
1249,3
1249,2
1249,1
1249,0
1241,5
1241,4
1241,3
1241,2
1241,1
1241,0
1233,22
1233,21
1233,20
1233,19
1233,18
1233,17
1233,16
1233,15
1233,14
1233,13
1233,12
1233,11
1233,10
1233,9
1233,8
1233,7
1233,6
1233,5
1233,4
1233,3
1233,2
1233,1
1233,0
1225,5
1225,4
1225,3
1225,2
1225,1
1225,0
1217,5
1217,4
1217,3
1217,2
1217,1
1217,0
1213,787
1213,786
1213,785
1213,784
1213,783
1213,782
1213,781
1213,780
1213,779
1213,778
1213,777
1213,776
1213,775
1213,774
1213,773
1213,772
1213,771
1213,770
1213,769
1213,768
1209,41
1209,40
1209,4
1209,39
1209,38
1209,5
1213,319
1213,318
1213,317
1213,316
1213,315
1213,314
1213,313
1213,312
1213,311
1213,310
1213,309
1213,308
1213,307
1213,306
1213,305
1213,304
1213,303
1213,302
1213,301
1213,300
1213,299
1213,298
1213,297
1213,296
1213,295
1213,294
1213,293
1213,292
1213,291
1213,290
1213,289
1213,288
1213,287
1213,286
1213,285
1213,284
1213,283
1213,282
1213,281
1213,280
1213,279
1213,278
1213,277
1213,276
1213,275
1213,274
1213,273
1213,272
1213,271
1213,270
1213,269
1213,268
1213,267
1213,266
1213,265
1213,264
1213,263
1213,262
1213,261
1213,260
1213,259
1213,258
1213,257
1213,256
49,5
49,1
49,3
49,0
1209,21
1209,20
1209,19
1209,18
1209,14
1209,13
1209,12
1209,11
1209,10
1209,9
1209,8
1209,7
1209,6
1209,37
1209,36
1209,35
1209,34
1209,33
1209,32
1209,31
1209,30
1209,29
1209,28
1209,27
1209,26
1209,25
1209,24
1209,23
1209,22
1209,17
1209,16
1209,15
1209,3
1209,2
1209,1
1209,0
65,29
65,28
65,27
65,26
65,25
65,24
65,23
65,22
65,21
65,20
65,19
65,18
65,17
65,16
65,15
65,14
65,5
65,4
65,3
65,2
65,1
65,0
41,3
41,1
41,0
33,11
33,10
33,3
33,1
33,0
1,2
1,1
1,3
1,0
1417,98
1417,97
1417,96
1417,95
1417,94
1417,93
1417,92
1417,91
1417,90
1417,89
1417,88
1417,87
1417,86
1417,85
1417,84
1417,83
1417,82
1417,81
1417,80
1417,79
1417,78
1417,77
1417,76
1417,75
1417,74
1417,73
1417,72
1417,71
1417,70
1417,69
1417,68
1417,67
1417,66
1417,65
1417,64
1426,37
1426,36
1426,35
1426,34
1426,33
1426,32
1426,31
1426,30
1426,29
1426,28
1426,27
1426,26
1426,25
1426,24
1426,23
1426,22
1426,21
1426,20
1426,19
1426,18
1426,17
1426,16
1426,15
1426,14
1426,13
1426,12
1426,11
1426,10
1426,9
1426,8
1426,7
1426,6
1426,5
1426,4
1426,3
1426,2
1426,1
1426,0
1418,5
1418,4
1418,3
1418,2
1418,1
1418,0
1401,638
1401,637
1401,636
1401,635
1401,634
1401,633
1401,632
1401,631
1401,630
1401,629
1401,628
1401,627
1401,626
1401,625
1401,624
1401,623
1401,622
1401,621
1401,620
1401,619
1401,618
1401,617
1401,616
1401,615
1401,614
1401,613
1401,612
1401,611
1401,610
1401,609
1401,608
1401,607
1401,606
1401,605
1401,604
1401,603
1401,602
1401,601
1401,600
1401,599
1401,598
1401,597
1401,596
1401,595
1401,594
1401,593
1401,592
1401,591
1401,590
1401,589
1401,588
1401,587
1401,586
1401,585
1401,584
1401,583
1401,582
1401,581
1401,580
1401,579
1401,578
1401,577
1401,576
1402,9
1409,84
1409,83
1409,82
1409,81
1409,80
1409,79
1402,8
1401,127
1401,126
1401,125
1401,124
1401,123
1401,122
1401,121
1401,120
1401,119
1401,118
1401,117
1401,116
1401,115
1401,114
1401,113
1401,112
1401,111
1401,110
1401,109
1401,108
1401,107
1401,106
1401,105
1401,104
1401,103
1401,102
1401,101
1401,100
1401,99
1401,98
1401,97
1401,96
1401,95
1401,94
1401,93
1401,92
1401,91
1401,90
1401,89
1401,88
1401,87
1401,86
1401,85
1401,84
1401,83
1401,82
1401,81
1401,80
1401,79
1401,78
1401,77
1401,76
1401,75
1401,74
1401,73
1401,72
1401,71
1401,70
1401,69
1401,68
1401,67
1401,66
1401,65
1401,64
1410,7
1410,6
1409,78
1402,7
1402,6
1409,77
1409,76
1409,75
1409,74
1409,73
1409,72
1409,71
1409,70
1409,69
1409,68
1409,67
1409,66
1409,65
1409,64
1410,5
1410,4
1410,3
1410,2
1410,1
1410,0
1402,5
1402,4
1402,3
1402,2
1402,1
1402,0
1394,5
1394,4
1394,3
1394,2
1394,1
1394,0
1376,191
1376,190
1376,189
1376,188
1376,187
1376,186
1376,185
1376,184
1376,183
1376,182
1376,181
1376,180
1376,179
1376,178
1376,177
1376,176
1376,175
1376,174
1376,173
1376,172
1376,171
1376,170
1376,169
1376,168
1376,167
1376,166
1376,165
1376,164
1376,163
1376,162
1376,161
1376,160
1376,159
1376,158
1376,157
1376,156
1376,155
1376,154
1376,153
1376,152
1376,151
1376,150
1376,149
1376,148
1376,147
1376,146
1376,145
1376,144
1376,143
1376,142
1376,141
1376,140
1376,139
1376,138
1376,137
1376,136
1376,135
1376,134
1376,133
1376,132
1376,131
1376,130
1376,129
1376,128
1378,30
1378,29
1378,28
1378,27
1378,26
1378,25
1378,24
1378,23
1378,22
1378,21
1378,20
1378,19
1378,18
1378,17
1378,16
1378,15
1378,14
1378,13
1378,12
1378,11
1378,10
1378,9
1378,8
1378,7
1378,6
1386,5
1386,4
1386,3
1386,2
1386,1
1386,0
1378,5
1378,4
1378,3
1378,2
1378,1
1378,0
1370,5
1370,4
1370,3
1370,2
1370,1
1370,0
1351,255
1351,254
1351,253
1351,252
1351,251
1351,250
1351,249
1351,248
1351,247
1351,246
1351,245
1351,244
1351,243
1351,242
1351,241
1351,240
1351,239
1351,238
1351,237
1351,236
1351,235
1351,234
1351,233
1351,232
1351,231
1351,230
1351,229
1351,228
1351,227
1351,226
1351,225
1351,224
1351,223
1351,222
1351,221
1351,220
1351,219
1351,218
1351,217
1351,216
1351,215
1351,214
1351,213
1351,212
1351,211
1351,210
1351,209
1351,208
1351,207
1351,206
1351,205
1351,204
1351,203
1351,202
1351,201
1351,200
1351,199
1351,198
1351,197
1351,196
1351,195
1351,194
1351,193
1351,192
1354,37
1354,36
1354,35
1354,34
1354,33
1354,32
1354,31
1354,30
1354,29
1354,28
1354,27
1354,26
1354,25
1354,24
1354,23
1354,22
1354,21
1354,20
1354,19
1354,18
1354,17
1354,16
1354,15
1354,14
1354,13
1354,12
1354,11
1354,10
1354,9
1354,8
1354,7
1354,6
1362,5
1362,4
1362,3
1362,2
1362,1
1362,0
1354,5
1354,4
1354,3
1354,2
1354,1
1354,0
1346,5
1346,4
1346,3
1346,2
1346,1
1346,0
1326,319
1326,318
1326,317
1326,316
1326,315
1326,314
1326,313
1326,312
1326,311
1326,310
1326,309
1326,308
1326,307
1326,306
1326,305
1326,304
1326,303
1326,302
1326,301
1326,300
1326,299
1326,298
1326,297
1326,296
1326,295
1326,294
1326,293
1326,292
1326,291
1326,290
1326,289
1326,288
1326,287
1326,286
1326,285
1326,284
1326,283
1326,282
1326,281
1326,280
1326,279
1326,278
1326,277
1326,276
1326,275
1326,274
1326,273
1326,272
1326,271
1326,270
1326,269
1326,268
1326,267
1326,266
1326,265
1326,264
1326,263
1326,262
1326,261
1326,260
1326,259
1326,258
1326,257
1326,256
1329,76
1329,75
1329,74
1329,73
1329,72
1329,71
1329,70
1329,69
1329,68
1329,67
1329,66
1329,65
1329,64
1338,37
1338,36
1338,35
1338,34
1338,33
1338,32
1338,31
1338,30
1338,29
1338,28
1338,27
1338,26
1338,25
1338,24
1338,23
1338,22
1338,21
1338,20
1338,19
1338,18
1338,17
1338,16
1338,15
1338,14
1338,13
1338,12
1338,11
1338,10
1338,9
1338,8
1338,7
1338,6
1338,5
1338,4
1338,3
1338,2
1338,1
1338,0
1330,5
1330,4
1330,3
1330,2
1330,1
1330,0
1322,5
1322,4
1322,3
1322,2
1322,1
1322,0
1314,5
1314,4
1314,3
1314,2
1314,1
1314,0
1301,383
1301,382
1301,381
1301,380
1301,379
1301,378
1301,377
1301,376
1301,375
1301,374
1301,373
1301,372
1301,371
1301,370
1306,15
1306,14
1301,369
1301,368
1301,367
1301,366
1301,365
1301,364
1301,363
1301,362
1301,361
1301,360
1301,359
1301,358
1301,357
1301,356
1301,355
1301,354
1301,353
1301,352
1301,351
1301,350
1301,349
1301,348
1301,347
1301,346
1301,345
1301,344
1301,343
1301,342
1301,341
1301,340
1301,339
1301,338
1301,337
1301,336
1301,335
1301,334
1301,333
1301,332
1301,331
1301,330
1301,329
1301,328
1301,327
1301,326
1301,325
1301,324
1301,323
1301,322
1301,321
1301,320
1306,13
1306,12
1306,11
1306,10
1306,9
1306,8
1306,7
1306,6
1313,83
1313,82
1313,81
1313,80
1313,79
1313,78
1313,77
1313,76
1313,75
1313,74
1313,73
1313,72
1313,71
1313,70
1313,69
1313,68
1313,67
1313,66
1313,65
1313,64
1306,5
1306,4
1306,3
1306,2
1306,1
1306,0
1298,5
1298,4
1298,3
1298,2
1298,1
1298,0
1290,5
1290,4
1290,3
1290,2
1290,1
1290,0
1276,959
1276,958
1276,957
1276,956
1276,955
1276,954
1276,953
1276,952
1276,951
1276,950
1276,949
1276,948
1276,947
1276,946
1276,945
1276,944
1276,943
1276,942
1276,941
1276,940
1276,939
1276,938
1276,937
1276,936
1276,935
1276,934
1276,933
1276,932
1276,931
1276,930
1276,929
1276,928
1276,927
1276,926
1276,925
1276,924
1276,923
1276,922
1276,921
1276,920
1276,919
1276,918
1276,917
1276,916
1276,915
1276,914
1276,913
1276,912
1276,911
1276,910
1276,909
1276,908
1276,907
1276,906
1276,905
1276,904
1276,903
1276,902
1276,901
1276,900
1276,899
1276,898
1276,897
1276,896
1276,447
1276,446
1276,445
1276,444
1276,443
1276,442
1276,441
1276,440
1276,439
1276,438
1276,437
1276,436
1276,435
1276,434
1276,433
1276,432
1276,431
1276,430
1276,429
1276,428
1276,427
1276,426
1276,425
1276,424
1276,423
1276,422
1276,421
1276,420
1276,419
1276,418
1276,417
1276,416
1276,415
1276,414
1276,413
1276,412
1276,411
1276,410
1276,409
1276,408
1276,407
1276,406
1276,405
1276,404
1276,403
1276,402
1276,401
1276,400
1276,399
1276,398
1276,397
1276,396
1276,395
1276,394
1276,393
1276,392
1276,391
1276,390
1276,389
1276,388
1276,387
1276,386
1276,385
1276,384
1282,10
1282,9
1282,8
1282,7
1282,6
1282,5
1282,4
1282,3
1282,2
1282,1
1282,0
1274,5
1274,4
1274,3
1274,2
1274,1
1274,0
1266,5
1266,4
1266,3
1266,2
1266,1
1266,0
1251,511
1251,510
1251,509
1251,508
1251,507
1251,506
1251,505
1251,504
1251,503
1251,502
1251,501
1251,500
1251,499
1251,498
1251,497
1251,496
1251,495
1251,494
1251,493
1251,492
1251,491
1251,490
1251,489
1251,488
1251,487
1251,486
1251,485
1251,484
1251,483
1251,482
1251,481
1251,480
1251,479
1251,478
1251,477
1251,476
1251,475
1251,474
1251,473
1251,472
1251,471
1251,470
1251,469
1251,468
1251,467
1251,466
1251,465
1251,464
1251,463
1251,462
1251,461
1251,460
1251,459
1251,458
1251,457
1251,456
1251,455
1251,454
1251,453
1251,452
1251,451
1251,450
1251,449
1251,448
1258,37
1258,36
1258,35
1258,34
1258,33
1258,32
1258,31
1258,30
1258,29
1258,28
1258,27
1258,26
1258,25
1258,24
1258,23
1258,22
1258,21
1258,20
1258,19
1258,18
1258,17
1258,16
1258,15
1258,14
1258,13
1258,12
1258,11
1258,10
1258,9
1258,8
1258,7
1258,6
1258,5
1258,4
1258,3
1258,2
1258,1
1258,0
1250,5
1250,4
1250,3
1250,2
1250,1
1250,0
1242,5
1242,4
1242,3
1242,2
1242,1
1242,0
1234,37
1234,36
1234,35
1234,34
1234,33
1234,32
1234,31
1234,30
1234,29
1234,28
1234,27
1234,26
1234,25
1234,24
1234,23
1234,22
1234,21
1234,20
1234,19
1234,18
1234,17
1234,16
1234,15
1234,14
1234,13
1234,12
1234,11
1234,10
1234,9
1234,8
1234,7
1234,6
1234,5
1234,4
1234,3
1234,2
1234,1
1234,0
1226,7
1226,6
1226,5
1226,4
1226,3
1226,2
1226,1
1226,0
1218,5
1218,4
1218,3
1218,2
1218,1
1218,0
1213,383
1213,382
1213,381
1213,380
1213,379
1213,378
1213,377
1213,376
1213,375
1213,374
1213,373
1213,372
1213,371
1213,370
1213,369
1213,368
1213,367
1213,366
1213,365
1213,364
1213,363
1213,362
1213,361
1213,360
1213,359
1213,358
1213,357
1213,356
1213,355
1213,354
1213,353
1213,352
1213,351
1213,350
1213,349
1213,348
1213,347
1213,346
1213,345
1213,344
1213,343
1213,342
1213,341
1213,340
1213,339
1213,338
1213,337
1213,336
1213,335
1213,334
1213,333
1213,332
1213,331
1213,330
1213,329
1213,328
1213,327
1213,326
1213,325
1213,324
1213,323
1213,322
1213,321
1213,320
1209,127
1209,126
1209,125
1209,124
1209,123
1209,122
1209,121
1209,120
1209,119
1209,118
1209,117
1209,116
1209,115
1209,114
1209,113
1209,112
1209,111
1209,110
1209,109
1209,108
1209,107
1209,106
1209,105
1209,104
26,1
26,3
26,0
2,4
1209,103
1209,102
1209,101
1209,100
1209,99
1209,98
1209,97
1209,96
1209,95
1209,94
1209,93
1209,92
1209,91
1209,90
1210,36
1210,35
1210,33
1210,28
1210,27
1210,32
1210,31
1210,30
1210,29
1210,26
1210,25
1210,22
1209,89
1209,88
1209,87
1209,86
1209,85
1209,84
1209,83
1209,82
1210,37
1210,34
1210,24
1210,23
1210,21
1210,20
1210,19
1210,18
1210,17
1210,16
1210,15
1210,14
1210,13
1210,12
1210,11
1210,10
1210,9
1210,8
1210,7
1210,6
1210,5
1210,4
1210,3
1210,2
1210,1
1210,0
1209,81
1209,80
1209,79
1209,78
1209,77
1209,76
1209,75
1209,74
1209,73
1209,72
1209,71
1209,70
1209,64
74,2
66,5
66,4
66,3
66,2
66,1
66,0
18,3
18,1
18,0
10,5
10,2
2,18
2,17
2,15
10,4
2,13
2,12
2,11
2,10
2,9
2,8
2,7
2,5
2,2
10,1
10,3
74,5
10,0
74,4
74,1
74,3
74,0
2,16
2,1
2,6
2,3
2,0
1426,127
1426,126
1426,125
1426,124
1426,123
1426,122
1426,121
1426,120
1426,119
1426,118
1426,117
1426,116
1426,115
1426,114
1426,113
1426,112
1426,111
1426,110
1426,109
1426,108
1426,107
1426,106
1426,105
1426,104
1426,103
1426,102
1426,101
1426,100
1426,99
1426,98
1426,97
1426,96
1426,95
1426,94
1426,93
1426,92
1426,91
1426,90
1426,89
1426,88
1426,87
1426,86
1426,85
1426,84
1426,83
1426,82
1426,81
1426,80
1426,79
1426,78
1426,77
1426,76
1426,75
1426,74
1426,73
1426,72
1426,71
1426,70
1426,69
1426,68
1426,67
1426,66
1426,65
1426,64
1419,5
1419,4
1419,3
1419,2
1419,1
1419,0
1401,191
1401,190
1401,189
1401,188
1401,187
1401,186
1401,185
1401,184
1401,183
1401,182
1401,181
1401,180
1401,179
1401,178
1401,177
1401,176
1401,175
1401,174
1401,173
1401,172
1401,171
1401,170
1401,169
1401,168
1401,167
1401,166
1401,165
1401,164
1401,163
1401,162
1401,161
1401,160
1401,159
1401,158
1401,157
1401,156
1401,155
1401,154
1401,153
1401,152
1401,151
1401,150
1401,149
1401,148
1401,147
1401,146
1401,145
1401,144
1401,143
1401,142
1401,141
1401,140
1401,139
1401,138
1401,137
1401,136
1401,135
1401,134
1401,133
1401,132
1401,131
1401,130
1401,129
1401,128
1403,32
1403,31
1403,30
1403,29
1403,28
1403,27
1403,26
1403,25
1403,24
1403,23
1403,22
1403,21
1403,20
1403,19
1403,18
1403,17
1403,16
1403,15
1403,14
1403,13
1403,12
1403,11
1403,10
1403,9
1403,8
1403,7
1403,6
1411,5
1411,4
1411,3
1411,2
1411,1
1411,0
1403,5
1403,4
1403,3
1403,2
1403,1
1403,0
1395,5
1395,4
1395,3
1395,2
1395,1
1395,0
1376,255
1376,254
1376,253
1376,252
1376,251
1376,250
1376,249
1376,248
1376,247
1376,246
1376,245
1376,244
1376,243
1376,242
1376,241
1376,240
1376,239
1376,238
1376,237
1376,236
1376,235
1376,234
1376,233
1376,232
1376,231
1376,230
1376,229
1376,228
1376,227
1376,226
1376,225
1376,224
1376,223
1376,222
1376,221
1376,220
1376,219
1376,218
1376,217
1376,216
1376,215
1376,214
1376,213
1376,212
1376,211
1376,210
1376,209
1376,208
1376,207
1376,206
1376,205
1376,204
1376,203
1376,202
1376,201
1376,200
1376,199
1376,198
1376,197
1376,196
1376,195
1376,194
1376,193
1376,192
1379,37
1379,36
1379,35
1379,34
1379,33
1379,32
1379,31
1379,30
1379,29
1379,28
1379,27
1379,26
1379,25
1379,24
1379,23
1379,22
1379,21
1379,20
1379,19
1379,18
1379,17
1379,16
1379,15
1379,14
1379,13
1379,12
1379,11
1379,10
1379,9
1379,8
1379,7
1379,6
1387,5
1387,4
1387,3
1387,2
1387,1
1387,0
1379,5
1379,4
1379,3
1379,2
1379,1
1379,0
1371,5
1371,4
1371,3
1371,2
1371,1
1371,0
1351,319
1351,318
1351,317
1351,316
1351,315
1351,314
1351,313
1351,312
1351,311
1351,310
1351,309
1351,308
1351,307
1351,306
1351,305
1351,304
1351,303
1351,302
1351,301
1351,300
1351,299
1351,298
1351,297
1351,296
1351,295
1351,294
1351,293
1351,292
1351,291
1351,290
1351,289
1351,288
1351,287
1351,286
1351,285
1351,284
1351,283
1351,282
1351,281
1351,280
1351,279
1351,278
1351,277
1351,276
1351,275
1351,274
1351,273
1351,272
1351,271
1351,270
1351,269
1351,268
1351,267
1351,266
1351,265
1351,264
1351,263
1351,262
1351,261
1351,260
1351,259
1351,258
1351,257
1351,256
1354,76
1354,75
1354,74
1354,73
1354,72
1354,71
1354,70
1354,69
1354,68
1354,67
1354,66
1354,65
1354,64
1363,37
1363,36
1363,35
1363,34
1363,33
1363,32
1363,31
1363,30
1363,29
1363,28
1363,27
1363,26
1363,25
1363,24
1363,23
1363,22
1363,21
1363,20
1363,19
1363,18
1363,17
1363,16
1363,15
1363,14
1363,13
1363,12
1363,11
1363,10
1363,9
1363,8
1363,7
1363,6
1363,5
1363,4
1363,3
1363,2
1363,1
1363,0
1355,5
1355,4
1355,3
1355,2
1355,1
1355,0
1347,5
1347,4
1347,3
1347,2
1347,1
1347,0
1339,5
1339,4
1339,3
1339,2
1339,1
1339,0
1326,383
1326,382
1326,381
1326,380
1326,379
1326,378
1326,377
1326,376
1326,375
1326,374
1326,373
1326,372
1326,371
1326,370
1331,15
1331,14
1326,369
1326,368
1326,367
1326,366
1326,365
1326,364
1326,363
1326,362
1326,361
1326,360
1326,359
1326,358
1326,357
1326,356
1326,355
1326,354
1326,353
1326,352
1326,351
1326,350
1326,349
1326,348
1326,347
1326,346
1326,345
1326,344
1326,343
1326,342
1326,341
1326,340
1326,339
1326,338
1326,337
1326,336
1326,335
1326,334
1326,333
1326,332
1326,331
1326,330
1326,329
1326,328
1326,327
1326,326
1326,325
1326,324
1326,323
1326,322
1326,321
1326,320
1331,13
1331,12
1331,11
1331,10
1331,9
1331,8
1331,7
1331,6
1338,83
1338,82
1338,81
1338,80
1338,79
1338,78
1338,77
1338,76
1338,75
1338,74
1338,73
1338,72
1338,71
1338,70
1338,69
1338,68
1338,67
1338,66
1338,65
1338,64
1331,5
1331,4
1331,3
1331,2
1331,1
1331,0
1323,5
1323,4
1323,3
1323,2
1323,1
1323,0
1315,5
1315,4
1315,3
1315,2
1315,1
1315,0
1301,447
1301,446
1301,445
1301,444
1301,443
1301,442
1301,441
1301,440
1301,439
1301,438
1301,437
1301,436
1301,435
1301,434
1301,433
1301,432
1301,431
1301,430
1301,429
1301,428
1301,427
1301,426
1301,425
1301,424
1301,423
1301,422
1301,421
1301,420
1301,419
1301,418
1301,417
1301,416
1301,415
1301,414
1301,413
1301,412
1301,411
1301,410
1301,409
1301,408
1301,407
1301,406
1301,405
1301,404
1301,403
1301,402
1301,401
1301,400
1301,399
1301,398
1301,397
1301,396
1301,395
1301,394
1301,393
1301,392
1301,391
1301,390
1301,389
1301,388
1301,387
1301,386
1301,385
1301,384
1307,10
1307,9
1307,8
1307,7
1307,6
1307,5
1307,4
1307,3
1307,2
1307,1
1307,0
1299,5
1299,4
1299,3
1299,2
1299,1
1299,0
1291,5
1291,4
1291,3
1291,2
1291,1
1291,0
1276,1023
1276,1022
1276,1021
1276,1020
1276,1019
1276,1018
1276,1017
1276,1016
1276,1015
1276,1014
1276,1013
1276,1012
1276,1011
1276,1010
1276,1009
1276,1008
1276,1007
1276,1006
1276,1005
1276,1004
1276,1003
1276,1002
1276,1001
1276,1000
1276,999
1276,998
1276,997
1276,996
1276,995
1276,994
1276,993
1276,992
1276,991
1276,990
1276,989
1276,988
1276,987
1276,986
1276,985
1276,984
1276,983
1276,982
1276,981
1276,980
1276,979
1276,978
1276,977
1276,976
1276,975
1276,974
1276,973
1276,972
1276,971
1276,970
1276,969
1276,968
1276,967
1276,966
1276,965
1276,964
1276,963
1276,962
1276,961
1276,960
1276,511
1276,510
1276,509
1276,508
1276,507
1276,506
1276,505
1276,504
1276,503
1276,502
1276,501
1276,500
1276,499
1276,498
1276,497
1276,496
1276,495
1276,494
1276,493
1276,492
1276,491
1276,490
1276,489
1276,488
1276,487
1276,486
1276,485
1276,484
1276,483
1276,482
1276,481
1276,480
1276,479
1276,478
1276,477
1276,476
1276,475
1276,474
1276,473
1276,472
1276,471
1276,470
1276,469
1276,468
1276,467
1276,466
1276,465
1276,464
1276,463
1276,462
1276,461
1276,460
1276,459
1276,458
1276,457
1276,456
1276,455
1276,454
1276,453
1276,452
1276,451
1276,450
1276,449
1276,448
1283,37
1283,36
1283,35
1283,34
1283,33
1283,32
1283,31
1283,30
1283,29
1283,28
1283,27
1283,26
1283,25
1283,24
1283,23
1283,22
1283,21
1283,20
1283,19
1283,18
1283,17
1283,16
1283,15
1283,14
1283,13
1283,12
1283,11
1283,10
1283,9
1283,8
1283,7
1283,6
1283,5
1283,4
1283,3
1283,2
1283,1
1283,0
1275,5
1275,4
1275,3
1275,2
1275,1
1275,0
1267,5
1267,4
1267,3
1267,2
1267,1
1267,0
1258,102
1258,101
1258,100
1258,99
1258,98
1258,97
1258,96
1258,95
1258,94
1258,93
1258,92
1258,91
1251,575
1251,574
1251,573
1251,572
1251,571
1251,570
1251,569
1251,568
1251,567
1251,566
1251,565
1251,564
1251,563
1251,562
1251,561
1251,560
1251,559
1251,558
1251,557
1251,556
1251,555
1251,554
1251,553
1251,552
1251,551
1251,550
1251,549
1251,548
1251,547
1251,546
1251,545
1251,544
1251,543
1251,542
1251,541
1251,540
1251,539
1251,538
1251,537
1251,536
1251,535
1251,534
1251,533
1251,532
1251,531
1251,530
1251,529
1251,528
1251,527
1251,526
1251,525
1251,524
1251,523
1251,522
1251,521
1251,520
1251,519
1251,518
1251,517
1251,516
1251,515
1251,514
1251,513
1251,512
1258,90
1258,89
1258,88
1258,87
1258,86
1258,85
1258,84
1258,83
1258,82
1258,81
1258,80
1258,79
1258,78
1258,77
1258,76
1258,75
1258,74
1258,73
1251,39
1251,38
1251,37
1251,36
1251,35
1251,34
1251,33
1251,32
1251,31
1251,30
1251,29
1251,28
1251,27
1251,26
1251,25
1251,24
1251,23
1251,22
1251,21
1251,20
1251,19
1251,18
1251,17
1251,16
1251,15
1251,14
1251,13
1251,12
1251,11
1251,10
1251,9
1251,8
1258,72
1258,71
1258,70
1258,69
1258,68
1258,67
1258,66
1258,65
1258,64
1259,37
1259,36
1259,35
1259,34
1259,33
1259,32
1259,31
1259,30
1259,29
1259,28
1259,27
1259,26
1259,25
1259,24
1259,23
1259,22
1259,21
1259,20
1259,19
1259,18
1259,17
1259,16
1259,15
1259,14
1259,13
1259,12
1259,11
1259,10
1259,9
1259,8
1259,7
1259,6
1259,5
1259,4
1259,3
1259,2
1259,1
1259,0
1251,7
1251,6
1251,5
1251,4
1251,3
1251,2
1251,1
1251,0
1243,5
1243,4
1243,3
1243,2
1243,1
1243,0
1234,70
1234,69
1234,68
1234,67
1234,66
1234,65
1234,64
11,10
11,35
11,22
11,30
11,15
11,18
1235,5
1235,4
1235,3
1235,2
1235,1
1235,0
1227,5
1227,4
1227,3
1227,2
1227,1
1227,0
1219,5
1219,4
1219,3
1219,2
1219,1
1219,0
1209,149
1209,148
1209,147
1209,146
1209,145
1209,144
1209,143
1209,142
1209,141
1209,140
1209,139
1209,138
1209,137
1209,136
1209,135
1213,447
1213,446
1213,445
1213,444
1213,443
1213,442
1213,441
1213,440
1213,439
1213,438
1213,437
1213,436
1213,435
1213,434
1213,433
1213,432
1213,431
1213,430
1213,429
1213,428
1213,427
1213,426
1213,425
1213,424
1213,423
1213,422
1213,421
1213,420
1213,419
1213,418
1213,417
1213,416
1213,415
1213,414
1213,413
1213,412
1213,411
1213,410
1213,409
1213,408
1213,407
1213,406
1213,405
1213,404
1213,403
1213,402
1213,401
1213,400
1213,399
1213,398
1213,397
1213,396
1213,395
1213,394
1213,393
1213,392
1213,391
1213,390
1213,389
1213,388
1213,387
1213,386
1213,385
1213,384
1209,134
1210,127
1210,126
1210,125
1209,133
1209,132
1209,131
1209,130
1209,129
1209,128
1209,191
1210,124
1210,123
1210,122
1210,121
1210,120
1210,119
1210,118
1210,117
1210,116
1210,115
1210,114
1210,113
1210,112
51,1
51,3
51,0
1210,111
11,20
1210,110
1210,109
11,12
11,24
11,23
11,8
1210,108
1210,107
1210,106
1210,105
1210,104
1210,103
1210,102
1211,5
1211,4
1211,3
1211,1
1211,0
1210,101
1210,100
1210,99
1210,98
1210,97
1210,96
1210,95
1210,94
1210,93
1210,92
1210,91
1210,90
1210,89
1210,88
1210,87
1210,86
1210,85
1210,84
1210,83
1210,82
1210,81
1210,80
1210,79
1210,78
1210,77
1210,76
1210,75
1210,74
1210,73
1210,72
1210,71
1210,70
1210,69
1210,68
1210,67
1210,66
1210,65
1210,64
11,34
11,33
11,32
11,31
11,25
11,21
11,19
11,17
11,16
11,13
11,11
11,5
11,4
11,3
11,2
11,1
11,0
3,6
3,5
3,4
3,3
3,2
3,1
3,0
0,243
0,255
0,254
0,253
0,252
0,251
0,250
0,249
0,248
0,247
0,246
0,245
0,244
0,242
0,241
0,240
0,239
0,238
0,237
0,236
0,235
0,234
0,233
0,232
0,231
0,230
0,229
0,228
0,227
0,226
0,225
0,224
0,223
0,222
0,221
0,220
0,219
0,218
0,217
0,216
0,215
0,214
0,213
0,212
0,211
0,210
0,209
0,208
0,207
0,206
0,205
0,204
0,203
0,202
0,201
0,200
0,199
0,198
0,197
0,196
0,195
0,194
0,193
0,192
1426,135
1426,134
1426,133
1426,132
1426,131
1426,130
1426,129
1426,128
1420,5
1420,4
1420,3
1420,2
1420,1
1420,0
1401,255
1401,254
1401,253
1401,252
1401,251
1401,250
1401,249
1401,248
1401,247
1401,246
1401,245
1401,244
1401,243
1401,242
1401,241
1401,240
1401,239
1401,238
1401,237
1401,236
1401,235
1401,234
1401,233
1401,232
1401,231
1401,230
1401,229
1401,228
1401,227
1401,226
1401,225
1401,224
1401,223
1401,222
1401,221
1401,220
1401,219
1401,218
1401,217
1401,216
1401,215
1401,214
1401,213
1401,212
1401,211
1401,210
1401,209
1401,208
1401,207
1401,206
1401,205
1401,204
1401,203
1401,202
1401,201
1401,200
1401,199
1401,198
1401,197
1401,196
1401,195
1401,194
1401,193
1401,192
1404,37
1404,36
1404,35
1404,34
1404,33
1404,32
1404,31
1404,30
1404,29
1404,28
1404,27
1404,26
1404,25
1404,24
1404,23
1404,22
1404,21
1404,20
1404,19
1404,18
1404,17
1404,16
1404,15
1404,14
1404,13
1404,12
1404,11
1404,10
1404,9
1404,8
1404,7
1404,6
1412,5
1412,4
1412,3
1412,2
1412,1
1412,0
1404,5
1404,4
1404,3
1404,2
1404,1
1404,0
1396,5
1396,4
1396,3
1396,2
1396,1
1396,0
1376,319
1376,318
1376,317
1376,316
1376,315
1376,314
1376,313
1376,312
1376,311
1376,310
1376,309
1376,308
1376,307
1376,306
1376,305
1376,304
1376,303
1376,302
1376,301
1376,300
1376,299
1376,298
1376,297
1376,296
1376,295
1376,294
1376,293
1376,292
1376,291
1376,290
1376,289
1376,288
1376,287
1376,286
1376,285
1376,284
1376,283
1376,282
1376,281
1376,280
1376,279
1376,278
1376,277
1376,276
1376,275
1376,274
1376,273
1376,272
1376,271
1376,270
1376,269
1376,268
1376,267
1376,266
1376,265
1376,264
1376,263
1376,262
1376,261
1376,260
1376,259
1376,258
1376,257
1376,256
1379,76
1379,75
1379,74
1379,73
1379,72
1379,71
1379,70
1379,69
1379,68
1379,67
1379,66
1379,65
1379,64
1388,37
1388,36
1388,35
1388,34
1388,33
1388,32
1388,31
1388,30
1388,29
1388,28
1388,27
1388,26
1388,25
1388,24
1388,23
1388,22
1388,21
1388,20
1388,19
1388,18
1388,17
1388,16
1388,15
1388,14
1388,13
1388,12
1388,11
1388,10
1388,9
1388,8
1388,7
1388,6
1388,5
1388,4
1388,3
1388,2
1388,1
1388,0
1380,5
1380,4
1380,3
1380,2
1380,1
1380,0
1372,5
1372,4
1372,3
1372,2
1372,1
1372,0
1364,5
1364,4
1364,3
1364,2
1364,1
1364,0
1351,383
1351,382
1351,381
1351,380
1351,379
1351,378
1351,377
1351,376
1351,375
1351,374
1351,373
1351,372
1351,371
1351,370
1356,15
1356,14
1351,369
1351,368
1351,367
1351,366
1351,365
1351,364
1351,363
1351,362
1351,361
1351,360
1351,359
1351,358
1351,357
1351,356
1351,355
1351,354
1351,353
1351,352
1351,351
1351,350
1351,349
1351,348
1351,347
1351,346
1351,345
1351,344
1351,343
1351,342
1351,341
1351,340
1351,339
1351,338
1351,337
1351,336
1351,335
1351,334
1351,333
1351,332
1351,331
1351,330
1351,329
1351,328
1351,327
1351,326
1351,325
1351,324
1351,323
1351,322
1351,321
1351,320
1356,13
1356,12
1356,11
1356,10
1356,9
1356,8
1356,7
1356,6
1363,83
1363,82
1363,81
1363,80
1363,79
1363,78
1363,77
1363,76
1363,75
1363,74
1363,73
1363,72
1363,71
1363,70
1363,69
1363,68
1363,67
1363,66
1363,65
1363,64
1356,5
1356,4
1356,3
1356,2
1356,1
1356,0
1348,5
1348,4
1348,3
1348,2
1348,1
1348,0
1340,5
1340,4
1340,3
1340,2
1340,1
1340,0
1326,447
1326,446
1326,445
1326,444
1326,443
1326,442
1326,441
1326,440
1326,439
1326,438
1326,437
1326,436
1326,435
1326,434
1326,433
1326,432
1326,431
1326,430
1326,429
1326,428
1326,427
1326,426
1326,425
1326,424
1326,423
1326,422
1326,421
1326,420
1326,419
1326,418
1326,417
1326,416
1326,415
1326,414
1326,413
1326,412
1326,411
1326,410
1326,409
1326,408
1326,407
1326,406
1326,405
1326,404
1326,403
1326,402
1326,401
1326,400
1326,399
1326,398
1326,397
1326,396
1326,395
1326,394
1326,393
1326,392
1326,391
1326,390
1326,389
1326,388
1326,387
1326,386
1326,385
1326,384
1332,10
1332,9
1332,8
1332,7
1332,6
1332,5
1332,4
1332,3
1332,2
1332,1
1332,0
1324,5
1324,4
1324,3
1324,2
1324,1
1324,0
1316,5
1316,4
1316,3
1316,2
1316,1
1316,0
1301,511
1301,510
1301,509
1301,508
1301,507
1301,506
1301,505
1301,504
1301,503
1301,502
1301,501
1301,500
1301,499
1301,498
1301,497
1301,496
1301,495
1301,494
1301,493
1301,492
1301,491
1301,490
1301,489
1301,488
1301,487
1301,486
1301,485
1301,484
1301,483
1301,482
1301,481
1301,480
1301,479
1301,478
1301,477
1301,476
1301,475
1301,474
1301,473
1301,472
1301,471
1301,470
1301,469
1301,468
1301,467
1301,466
1301,465
1301,464
1301,463
1301,462
1301,461
1301,460
1301,459
1301,458
1301,457
1301,456
1301,455
1301,454
1301,453
1301,452
1301,451
1301,450
1301,449
1301,448
1308,37
1308,36
1308,35
1308,34
1308,33
1308,32
1308,31
1308,30
1308,29
1308,28
1308,27
1308,26
1308,25
1308,24
1308,23
1308,22
1308,21
1308,20
1308,19
1308,18
1308,17
1308,16
1308,15
1308,14
1308,13
1308,12
1308,11
1308,10
1308,9
1308,8
1308,7
1308,6
1308,5
1308,4
1308,3
1308,2
1308,1
1308,0
1300,5
1300,4
1300,3
1300,2
1300,1
1300,0
1292,5
1292,4
1292,3
1292,2
1292,1
1292,0
1276,1087
1276,1086
1276,1085
1276,1084
1276,1083
1276,1082
1276,1081
1276,1080
1276,1079
1276,1078
1276,1077
1276,1076
1276,1075
1276,1074
1276,1073
1276,1072
1276,1071
1276,1070
1276,1069
1276,1068
1276,1067
1276,1066
1276,1065
1276,1064
1276,1063
1276,1062
1276,1061
1276,1060
1276,1059
1276,1058
1276,1057
1276,1056
1276,1055
1276,1054
1276,1053
1276,1052
1276,1051
1276,1050
1276,1049
1276,1048
1276,1047
1276,1046
1276,1045
1276,1044
1276,1043
1276,1042
1276,1041
1276,1040
1276,1039
1276,1038
1276,1037
1276,1036
1276,1035
1276,1034
1276,1033
1276,1032
1276,1031
1276,1030
1276,1029
1276,1028
1276,1027
1276,1026
1276,1025
1276,1024
1283,93
1283,92
1283,91
1276,575
1276,574
1276,573
1276,572
1276,571
1276,570
1276,569
1276,568
1276,567
1276,566
1276,565
1276,564
1276,563
1276,562
1276,561
1276,560
1276,559
1276,558
1276,557
1276,556
1276,555
1276,554
1276,553
1276,552
1276,551
1276,550
1276,549
1276,548
1276,547
1276,546
1276,545
1276,544
1276,543
1276,542
1276,541
1276,540
1276,539
1276,538
1276,537
1276,536
1276,535
1276,534
1276,533
1276,532
1276,531
1276,530
1276,529
1276,528
1276,527
1276,526
1276,525
1276,524
1276,523
1276,522
1276,521
1276,520
1276,519
1276,518
1276,517
1276,516
1276,515
1276,514
1276,513
1276,512
1283,90
1283,89
1283,88
1283,87
1283,86
1283,85
1283,84
1283,83
1283,82
1283,81
1283,80
1283,79
1283,78
1283,77
1283,76
1283,75
1283,74
1283,73
1276,39
1276,38
1276,37
1276,36
1276,35
1276,34
1276,33
1276,32
1276,31
1276,30
1276,29
1276,28
1276,27
1276,26
1276,25
1276,24
1276,23
1276,22
1276,21
1276,20
1276,19
1276,18
1276,17
1276,16
1276,15
1276,14
1276,13
1276,12
1276,11
1276,10
1276,9
1276,8
1283,72
1283,71
1283,70
1283,69
1283,68
1283,67
1283,66
1283,65
1283,64
1284,37
1284,36
1284,35
1284,34
1284,33
1284,32
1284,31
1284,30
1284,29
1284,28
1284,27
1284,26
1284,25
1284,24
1284,23
1284,22
1284,21
1284,20
1284,19
1284,18
1284,17
1284,16
1284,15
1284,14
1284,13
1284,12
1284,11
1284,10
1284,9
1284,8
1284,7
1284,6
1284,5
1284,4
1284,3
1284,2
1284,1
1284,0
1276,7
1276,6
1276,5
1276,4
1276,3
1276,2
1276,1
1276,0
1268,5
1268,4
1268,3
1268,2
1268,1
1268,0
1259,101
1259,100
1259,99
1259,98
1259,97
1259,96
1259,95
1259,94
1259,93
1259,92
1259,91
1259,90
1259,89
1259,88
1252,10
1259,87
1259,86
1259,85
1251,639
1251,638
1251,637
1251,636
1251,635
1251,634
1251,633
1251,632
1251,631
1251,630
1251,629
1251,628
1251,627
1251,626
1251,625
1251,624
1251,623
1251,622
1251,621
1251,620
1251,619
1251,618
1251,617
1251,616
1251,615
1251,614
1251,613
1251,612
1251,611
1251,610
1251,609
1251,608
1251,607
1251,606
1251,605
1251,604
1251,603
1251,602
1251,601
1251,600
1251,599
1251,598
1251,597
1251,596
1251,595
1251,594
1251,593
1251,592
1251,591
1251,590
1251,589
1251,588
1251,587
1251,586
1251,585
1251,584
1251,583
1251,582
1251,581
1251,580
1251,579
1251,578
1251,577
1251,576
1252,9
1259,84
1259,83
1259,82
1259,81
1259,80
1259,79
1252,8
1251,127
1251,126
1251,125
1251,124
1251,123
1251,122
1251,121
1251,120
1251,119
1251,118
1251,117
1251,116
1251,115
1251,114
1251,113
1251,112
1251,111
1251,110
1251,109
1251,108
1251,107
1251,106
1251,105
1251,104
1251,103
1251,102
1251,101
1251,100
1251,99
1251,98
1251,97
1251,96
1251,95
1251,94
1251,93
1251,92
1251,91
1251,90
1251,89
1251,88
1251,87
1251,86
1251,85
1251,84
1251,83
1251,82
1251,81
1251,80
1251,79
1251,78
1251,77
1251,76
1251,75
1251,74
1251,73
1251,72
1251,71
1251,70
1251,69
1251,68
1251,67
1251,66
1251,65
1251,64
1260,7
1260,6
1259,78
1252,7
1252,6
1259,77
1259,76
1259,75
1259,74
1259,73
1259,72
1259,71
1259,70
1259,69
1259,68
1259,67
1259,66
1259,65
1259,64
1260,5
1260,4
1260,3
1260,2
1260,1
1260,0
1252,5
1252,4
1252,3
1252,2
1252,1
1252,0
1244,5
1244,4
1244,3
1244,2
1244,1
1244,0
1228,28
1228,27
1228,26
1228,25
1228,24
1228,23
1228,22
1228,21
1228,20
1228,19
1228,18
1228,17
1228,16
1228,15
1228,14
1228,13
1228,12
1228,11
1228,10
1228,9
1228,8
1228,7
1228,6
11,68
11,71
11,70
1236,5
1236,4
1236,3
1236,2
1236,1
1236,0
1228,5
1228,4
1228,3
1228,2
1228,1
1228,0
1220,5
1220,4
1220,3
1220,2
1220,1
1220,0
1213,511
1213,510
1213,509
1213,508
1213,507
1213,506
1213,505
1213,504
1213,503
1213,502
1213,501
1213,500
1213,499
1213,498
1213,497
1213,496
1213,495
1213,494
1213,493
1213,492
1213,491
1213,490
1213,489
1213,488
1213,487
1213,486
1213,485
1213,484
1213,483
1213,482
1213,481
1213,480
1213,479
1213,478
1213,477
1213,476
1213,475
1213,474
1213,473
1213,472
1213,471
1213,470
1213,469
1213,468
1213,467
1213,466
1213,465
1213,464
1213,463
1213,462
1213,461
1213,460
1213,459
1213,458
1213,457
1213,456
1213,455
1213,454
1213,453
1213,452
1213,451
1213,450
1213,449
1213,448
1204,6
1204,16
1204,15
1204,14
1204,13
1188,36
1188,35
11,79
11,64
11,66
11,65
11,80
11,84
11,83
1188,34
1188,33
1188,32
1188,31
1188,30
1188,29
1188,28
1188,27
1188,26
1188,25
1188,4
1188,5
1188,24
1188,23
1188,22
1188,21
1212,37
1212,36
1212,35
1212,34
1212,33
1212,32
1212,31
1212,30
1212,29
1212,28
1212,5
1212,4
1212,3
1212,2
1212,1
1212,0
1204,12
1204,11
1204,10
1204,9
1204,4
1204,2
1188,20
1188,19
1188,18
1188,17
1188,16
1188,15
1188,14
1188,13
1188,12
1188,11
1188,10
1188,8
1188,2
11,82
11,81
11,77
11,76
11,75
11,73
11,72
11,69
11,67
4,2
4,1
4,3
1188,1
4,0
1188,9
1188,3
1188,0
1204,8
1204,7
1204,1
1204,5
1204,3
1204,0
0,310
0,305
0,308
0,304
0,303
0,302
0,307
0,300
0,299
0,298
0,297
0,296
0,295
0,294
0,293
0,292
0,291
0,290
0,289
0,288
0,287
0,286
0,285
0,284
0,283
0,311
0,282
0,281
0,319
0,280
0,279
0,278
0,277
0,276
0,309
0,275
0,274
0,273
0,272
0,271
0,270
0,269
0,268
0,318
0,267
0,317
0,266
0,265
0,264
0,263
0,262
0,261
0,260
0,259
0,258
0,316
0,257
0,256
0,315
0,314
0,313
0,306
0,301
0,312
21,16
1421,37
1421,36
1421,35
1421,34
1421,33
1421,32
1421,31
1421,30
1421,29
1421,28
1421,27
1421,26
1421,25
1421,24
1421,23
1421,22
1421,21
1421,20
1421,19
1421,18
1421,17
1421,16
1421,15
1421,14
1421,13
1421,12
1421,11
1421,10
1421,9
1421,8
1421,7
1421,6
1421,5
1421,4
1421,3
1421,2
1421,1
1421,0
1401,319
1401,318
1401,317
1401,316
1401,315
1401,314
1401,313
1401,312
1401,311
1401,310
1401,309
1401,308
1401,307
1401,306
1401,305
1401,304
1401,303
1401,302
1401,301
1401,300
1401,299
1401,298
1401,297
1401,296
1401,295
1401,294
1401,293
1401,292
1401,291
1401,290
1401,289
1401,288
1401,287
1401,286
1401,285
1401,284
1401,283
1401,282
1401,281
1401,280
1401,279
1401,278
1401,277
1401,276
1401,275
1401,274
1401,273
1401,272
1401,271
1401,270
1401,269
1401,268
1401,267
1401,266
1401,265
1401,264
1401,263
1401,262
1401,261
1401,260
1401,259
1401,258
1401,257
1401,256
1404,76
1404,75
1404,74
1404,73
1404,72
1404,71
1404,70
1404,69
1404,68
1404,67
1404,66
1404,65
1404,64
1413,37
1413,36
1413,35
1413,34
1413,33
1413,32
1413,31
1413,30
1413,29
1413,28
1413,27
1413,26
1413,25
1413,24
1413,23
1413,22
1413,21
1413,20
1413,19
1413,18
1413,17
1413,16
1413,15
1413,14
1413,13
1413,12
1413,11
1413,10
1413,9
1413,8
1413,7
1413,6
1413,5
1413,4
1413,3
1413,2
1413,1
1413,0
1405,5
1405,4
1405,3
1405,2
1405,1
1405,0
1397,5
1397,4
1397,3
1397,2
1397,1
1397,0
1389,5
1389,4
1389,3
1389,2
1389,1
1389,0
1376,383
1376,382
1376,381
1376,380
1376,379
1376,378
1376,377
1376,376
1376,375
1376,374
1376,373
1376,372
1376,371
1376,370
1381,15
1381,14
1376,369
1376,368
1376,367
1376,366
1376,365
1376,364
1376,363
1376,362
1376,361
1376,360
1376,359
1376,358
1376,357
1376,356
1376,355
1376,354
1376,353
1376,352
1376,351
1376,350
1376,349
1376,348
1376,347
1376,346
1376,345
1376,344
1376,343
1376,342
1376,341
1376,340
1376,339
1376,338
1376,337
1376,336
1376,335
1376,334
1376,333
1376,332
1376,331
1376,330
1376,329
1376,328
1376,327
1376,326
1376,325
1376,324
1376,323
1376,322
1376,321
1376,320
1381,13
1381,12
1381,11
1381,10
1381,9
1381,8
1381,7
1381,6
1388,83
1388,82
1388,81
1388,80
1388,79
1388,78
1388,77
1388,76
1388,75
1388,74
1388,73
1388,72
1388,71
1388,70
1388,69
1388,68
1388,67
1388,66
1388,65
1388,64
1381,5
1381,4
1381,3
1381,2
1381,1
1381,0
1373,5
1373,4
1373,3
1373,2
1373,1
1373,0
1365,5
1365,4
1365,3
1365,2
1365,1
1365,0
1351,447
1351,446
1351,445
1351,444
1351,443
1351,442
1351,441
1351,440
1351,439
1351,438
1351,437
1351,436
1351,435
1351,434
1351,433
1351,432
1351,431
1351,430
1351,429
1351,428
1351,427
1351,426
1351,425
1351,424
1351,423
1351,422
1351,421
1351,420
1351,419
1351,418
1351,417
1351,416
1351,415
1351,414
1351,413
1351,412
1351,411
1351,410
1351,409
1351,408
1351,407
1351,406
1351,405
1351,404
1351,403
1351,402
1351,401
1351,400
1351,399
1351,398
1351,397
1351,396
1351,395
1351,394
1351,393
1351,392
1351,391
1351,390
1351,389
1351,388
1351,387
1351,386
1351,385
1351,384
1357,10
1357,9
1357,8
1357,7
1357,6
1357,5
1357,4
1357,3
1357,2
1357,1
1357,0
1349,5
1349,4
1349,3
1349,2
1349,1
1349,0
1341,5
1341,4
1341,3
1341,2
1341,1
1341,0
1326,511
1326,510
1326,509
1326,508
1326,507
1326,506
1326,505
1326,504
1326,503
1326,502
1326,501
1326,500
1326,499
1326,498
1326,497
1326,496
1326,495
1326,494
1326,493
1326,492
1326,491
1326,490
1326,489
1326,488
1326,487
1326,486
1326,485
1326,484
1326,483
1326,482
1326,481
1326,480
1326,479
1326,478
1326,477
1326,476
1326,475
1326,474
1326,473
1326,472
1326,471
1326,470
1326,469
1326,468
1326,467
1326,466
1326,465
1326,464
1326,463
1326,462
1326,461
1326,460
1326,459
1326,458
1326,457
1326,456
1326,455
1326,454
1326,453
1326,452
1326,451
1326,450
1326,449
1326,448
1333,37
1333,36
1333,35
1333,34
1333,33
1333,32
1333,31
1333,30
1333,29
1333,28
1333,27
1333,26
1333,25
1333,24
1333,23
1333,22
1333,21
1333,20
1333,19
1333,18
1333,17
1333,16
1333,15
1333,14
1333,13
1333,12
1333,11
1333,10
1333,9
1333,8
1333,7
1333,6
1333,5
1333,4
1333,3
1333,2
1333,1
1333,0
1325,5
1325,4
1325,3
1325,2
1325,1
1325,0
1317,5
1317,4
1317,3
1317,2
1317,1
1317,0
1308,92
1308,91
1301,575
1301,574
1301,573
1301,572
1301,571
1301,570
1301,569
1301,568
1301,567
1301,566
1301,565
1301,564
1301,563
1301,562
1301,561
1301,560
1301,559
1301,558
1301,557
1301,556
1301,555
1301,554
1301,553
1301,552
1301,551
1301,550
1301,549
1301,548
1301,547
1301,546
1301,545
1301,544
1301,543
1301,542
1301,541
1301,540
1301,539
1301,538
1301,537
1301,536
1301,535
1301,534
1301,533
1301,532
1301,531
1301,530
1301,529
1301,528
1301,527
1301,526
1301,525
1301,524
1301,523
1301,522
1301,521
1301,520
1301,519
1301,518
1301,517
1301,516
1301,515
1301,514
1301,513
1301,512
1308,90
1308,89
1308,88
1308,87
1308,86
1308,85
1308,84
1308,83
1308,82
1308,81
1308,80
1308,79
1308,78
1308,77
1308,76
1308,75
1308,74
1308,73
1301,39
1301,38
1301,37
1301,36
1301,35
1301,34
1301,33
1301,32
1301,31
1301,30
1301,29
1301,28
1301,27
1301,26
1301,25
1301,24
1301,23
1301,22
1301,21
1301,20
1301,19
1301,18
1301,17
1301,16
1301,15
1301,14
1301,13
1301,12
1301,11
1301,10
1301,9
1301,8
1308,72
1308,71
1308,70
1308,69
1308,68
1308,67
1308,66
1308,65
1308,64
1309,37
1309,36
1309,35
1309,34
1309,33
1309,32
1309,31
1309,30
1309,29
1309,28
1309,27
1309,26
1309,25
1309,24
1309,23
1309,22
1309,21
1309,20
1309,19
1309,18
1309,17
1309,16
1309,15
1309,14
1309,13
1309,12
1309,11
1309,10
1309,9
1309,8
1309,7
1309,6
1309,5
1309,4
1309,3
1309,2
1309,1
1309,0
1301,7
1301,6
1301,5
1301,4
1301,3
1301,2
1301,1
1301,0
1293,5
1293,4
1293,3
1293,2
1293,1
1293,0
1276,1151
1276,1150
1276,1149
1276,1148
1276,1147
1276,1146
1276,1145
1276,1144
1276,1143
1276,1142
1276,1141
1276,1140
1276,1139
1276,1138
1276,1137
1276,1136
1276,1135
1276,1134
1276,1133
1276,1132
1276,1131
1276,1130
1276,1129
1276,1128
1276,1127
1276,1126
1276,1125
1276,1124
1276,1123
1276,1122
1276,1121
1276,1120
1276,1119
1276,1118
1276,1117
1276,1116
1276,1115
1276,1114
1276,1113
1276,1112
1276,1111
1276,1110
1276,1109
1276,1108
1276,1107
1276,1106
1276,1105
1276,1104
1276,1103
1276,1102
1276,1101
1276,1100
1276,1099
1276,1098
1276,1097
1276,1096
1276,1095
1276,1094
1276,1093
1276,1092
1276,1091
1276,1090
1276,1089
1276,1088
1285,11
1285,10
1285,9
1285,8
1276,639
1276,638
1276,637
1276,636
1276,635
1276,634
1276,633
1276,632
1276,631
1276,630
1276,629
1276,628
1276,627
1276,626
1276,625
1276,624
1276,623
1276,622
1276,621
1276,620
1276,619
1276,618
1276,617
1276,616
1276,615
1276,614
1276,613
1276,612
1276,611
1276,610
1276,609
1276,608
1276,607
1276,606
1276,605
1276,604
1276,603
1276,602
1276,601
1276,600
1276,599
1276,598
1276,597
1276,596
1276,595
1276,594
1276,593
1276,592
1276,591
1276,590
1276,589
1276,588
1276,587
1276,586
1276,585
1276,584
1276,583
1276,582
1276,581
1276,580
1276,579
1276,578
1276,577
1276,576
1277,9
1284,84
1284,83
1284,82
1284,81
1284,80
1284,79
1277,8
1276,127
1276,126
1276,125
1276,124
1276,123
1276,122
1276,121
1276,120
1276,119
1276,118
1276,117
1276,116
1276,115
1276,114
1276,113
1276,112
1276,111
1276,110
1276,109
1276,108
1276,107
1276,106
1276,105
1276,104
1276,103
1276,102
1276,101
1276,100
1276,99
1276,98
1276,97
1276,96
1276,95
1276,94
1276,93
1276,92
1276,91
1276,90
1276,89
1276,88
1276,87
1276,86
1276,85
1276,84
1276,83
1276,82
1276,81
1276,80
1276,79
1276,78
1276,77
1276,76
1276,75
1276,74
1276,73
1276,72
1276,71
1276,70
1276,69
1276,68
1276,67
1276,66
1276,65
1276,64
1285,7
1285,6
1284,78
1277,7
1277,6
1284,77
1284,76
1284,75
1284,74
1284,73
1284,72
1284,71
1284,70
1284,69
1284,68
1284,67
1284,66
1284,65
1284,64
1285,5
1285,4
1285,3
1285,2
1285,1
1285,0
1277,5
1277,4
1277,3
1277,2
1277,1
1277,0
1269,5
1269,4
1269,3
1269,2
1269,1
1269,0
1253,32
1253,31
1253,30
1251,703
1251,702
1251,701
1251,700
1251,699
1251,698
1251,697
1251,696
1251,695
1251,694
1251,693
1251,692
1251,691
1251,690
1251,689
1251,688
1251,687
1251,686
1251,685
1251,684
1251,683
1251,682
1251,681
1251,680
1251,679
1251,678
1251,677
1251,676
1251,675
1251,674
1251,673
1251,672
1251,671
1251,670
1251,669
1251,668
1251,667
1251,666
1251,665
1251,664
1251,663
1251,662
1251,661
1251,660
1251,659
1251,658
1251,657
1251,656
1251,655
1251,654
1251,653
1251,652
1251,651
1251,650
1251,649
1251,648
1251,647
1251,646
1251,645
1251,644
1251,643
1251,642
1251,641
1251,640
1251,191
1251,190
1251,189
1251,188
1251,187
1251,186
1251,185
1251,184
1251,183
1251,182
1251,181
1251,180
1251,179
1251,178
1251,177
1251,176
1251,175
1251,174
1251,173
1251,172
1251,171
1251,170
1251,169
1251,168
1251,167
1251,166
1251,165
1251,164
1251,163
1251,162
1251,161
1251,160
1251,159
1251,158
1251,157
1251,156
1251,155
1251,154
1251,153
1251,152
1251,151
1251,150
1251,149
1251,148
1251,147
1251,146
1251,145
1251,144
1251,143
1251,142
1251,141
1251,140
1251,139
1251,138
1251,137
1251,136
1251,135
1251,134
1251,133
1251,132
1251,131
1251,130
1251,129
1251,128
1253,29
1253,28
1253,27
1253,26
1253,25
1253,24
1253,23
1253,22
1253,21
1253,20
1253,19
1253,18
1253,17
1253,16
1253,15
1253,14
1253,13
1253,12
1253,11
1253,10
1253,9
1253,8
1253,7
1253,6
1261,5
1261,4
1261,3
1261,2
1261,1
1261,0
1253,5
1253,4
1253,3
1253,2
1253,1
1253,0
1245,5
1245,4
1245,3
1245,2
1245,1
1245,0
1229,37
1229,36
1229,35
1229,34
1229,33
1229,32
1229,31
1229,30
1229,29
1229,28
1229,27
1229,26
1229,25
1229,24
1229,23
1229,22
1229,21
1229,20
1229,19
1229,18
1229,17
1229,16
1229,15
1229,14
1229,13
1229,12
1229,11
1229,10
1229,9
1229,8
1229,7
1229,6
1237,5
1237,4
1237,3
1237,2
1237,1
1237,0
1229,5
1229,4
1229,3
1229,2
1229,1
1229,0
1221,5
1221,4
1221,3
1221,2
1221,1
1221,0
1213,575
1213,574
1213,573
1213,572
1213,571
1213,570
1213,569
1213,568
1213,567
1213,566
1213,565
1213,564
1213,563
1213,562
1213,561
1213,560
1213,559
1213,558
1213,557
1213,556
1213,555
1213,554
1213,553
1213,552
1213,551
1213,550
1213,549
1213,548
1213,547
1213,546
1213,545
1213,544
1213,543
1213,542
1213,541
1213,540
1213,539
1213,538
1213,537
1213,536
1213,535
1213,534
1213,533
1213,532
1213,531
1213,530
1213,529
1213,528
1213,527
1213,526
1213,525
1213,524
1213,523
1213,522
1213,521
1213,520
1213,519
1213,518
1213,517
1213,516
1213,515
1213,514
1213,513
1213,512
1213,39
1213,38
1213,37
1213,36
1213,35
1213,34
1213,33
1213,32
1213,31
1213,30
1213,29
1213,28
1213,27
1213,26
1213,25
1213,24
1213,23
1213,22
1213,21
1213,20
1213,19
1213,18
1213,17
1213,16
1213,15
1213,14
1213,13
1213,12
1213,11
1213,10
1213,9
1213,8
1213,7
1213,6
1213,5
1213,4
1213,3
1213,2
1213,1
1213,0
1212,127
1212,126
1212,125
1212,124
1212,123
1212,122
1212,121
1212,120
1212,119
1212,118
1212,117
1212,116
1212,115
1212,114
1212,113
1212,112
1212,111
1212,110
1212,109
1212,108
0,338
1212,107
1212,106
1212,105
1212,104
1212,103
1212,102
1212,101
1212,100
1212,99
1212,98
1205,36
1205,35
1205,34
1205,33
69,2
1205,24
1205,23
1205,22
1205,21
1205,20
1205,19
1205,17
1205,16
1205,15
1205,14
1205,12
1205,11
1205,10
1205,9
1212,97
1212,96
1212,95
1212,94
1212,93
1212,92
1212,91
1212,90
1212,89
1212,88
1212,87
1212,86
1212,85
1212,84
1212,83
1212,82
1212,81
1212,80
1212,79
1212,78
1212,77
1212,76
21,15
21,2
1212,75
1212,74
1212,73
1212,72
1212,71
1212,70
1212,69
1212,68
1212,67
1212,66
1212,65
1212,64
1205,32
1205,31
1205,30
1205,29
1205,28
1205,27
1205,26
1205,25
1205,18
1205,13
1205,8
1205,7
1205,6
1205,5
1205,4
1205,3
1205,2
1205,1
1205,0
69,3
69,1
69,0
53,3
53,1
53,0
37,5
37,3
37,1
37,0
21,14
21,13
21,12
21,11
21,10
21,9
21,8
21,7
21,6
21,5
21,4
21,3
21,1
21,0
13,3
13,1
13,0
0,331
0,326
0,325
0,322
0,356
0,320
0,377
0,324
0,339
0,355
0,344
0,321
0,373
0,337
0,353
0,343
0,330
0,342
0,383
0,349
0,348
0,368
0,347
0,336
0,352
0,376
0,382
0,381
0,329
0,351
0,323
0,372
0,363
0,350
0,367
0,380
0,362
0,335
0,341
0,357
0,379
0,371
0,361
0,354
0,334
0,370
0,375
0,340
0,346
0,360
0,374
0,333
0,369
0,345
0,328
0,359
0,366
0,358
0,332
0,378
0,327
0,365
0,364
1414,38
1414,37
1414,36
1414,35
1414,34
1414,33
1414,32
1414,31
1414,30
1414,29
1414,28
1414,27
1414,26
1414,25
1414,24
1414,23
1414,22
1414,21
1414,20
1414,19
1414,18
1414,17
1414,16
1414,15
1414,14
1414,13
1414,12
1414,11
1414,10
1414,9
1414,8
1421,64
1422,37
1422,36
1422,35
1422,34
1422,33
1422,32
1422,31
1422,30
1422,29
1422,28
1422,27
1422,26
1422,25
1422,24
1422,23
1422,22
1422,21
1422,20
1422,19
1422,18
1422,17
1422,16
1422,15
1422,14
1422,13
1422,12
1422,11
1422,10
1422,9
1422,8
1422,7
1422,6
1422,5
1422,4
1422,3
1422,2
1422,1
1422,0
1414,7
1414,6
1414,5
1414,4
1414,3
1414,2
1414,1
1414,0
1413,127
1413,126
1413,125
1413,124
1413,123
1413,122
1413,121
1413,120
1413,119
1413,118
1413,117
1413,116
1413,115
1413,114
1413,113
1413,112
1413,111
1413,110
1413,109
1413,108
1413,107
1413,106
1413,105
1413,104
1413,103
1413,102
1413,101
1413,100
1413,99
1413,98
1413,97
1413,96
1413,95
1413,94
1413,93
1413,92
1413,91
1413,90
1413,89
1413,88
1413,87
1413,86
1413,85
1413,84
1401,383
1401,382
1401,381
1401,380
1401,379
1401,378
1401,377
1401,376
1401,375
1401,374
1401,373
1401,372
1401,371
1401,370
1406,15
1406,14
1401,369
1401,368
1401,367
1401,366
1401,365
1401,364
1401,363
1401,362
1401,361
1401,360
1401,359
1401,358
1401,357
1401,356
1401,355
1401,354
1401,353
1401,352
1401,351
1401,350
1401,349
1401,348
1401,347
1401,346
1401,345
1401,344
1401,343
1401,342
1401,341
1401,340
1401,339
1401,338
1401,337
1401,336
1401,335
1401,334
1401,333
1401,332
1401,331
1401,330
1401,329
1401,328
1401,327
1401,326
1401,325
1401,324
1401,323
1401,322
1401,321
1401,320
1406,13
1406,12
1406,11
1406,10
1406,9
1406,8
1406,7
1406,6
1413,83
1413,82
1413,81
1413,80
1413,79
1413,78
1413,77
1413,76
1413,75
1413,74
1413,73
1413,72
1413,71
1413,70
1413,69
1413,68
1413,67
1413,66
1413,65
1413,64
1406,5
1406,4
1406,3
1406,2
1406,1
1406,0
1398,5
1398,4
1398,3
1398,2
1398,1
1398,0
1390,5
1390,4
1390,3
1390,2
1390,1
1390,0
1376,447
1376,446
1376,445
1376,444
1376,443
1376,442
1376,441
1376,440
1376,439
1376,438
1376,437
1376,436
1376,435
1376,434
1376,433
1376,432
1376,431
1376,430
1376,429
1376,428
1376,427
1376,426
1376,425
1376,424
1376,423
1376,422
1376,421
1376,420
1376,419
1376,418
1376,417
1376,416
1376,415
1376,414
1376,413
1376,412
1376,411
1376,410
1376,409
1376,408
1376,407
1376,406
1376,405
1376,404
1376,403
1376,402
1376,401
1376,400
1376,399
1376,398
1376,397
1376,396
1376,395
1376,394
1376,393
1376,392
1376,391
1376,390
1376,389
1376,388
1376,387
1376,386
1376,385
1376,384
1382,10
1382,9
1382,8
1382,7
1382,6
1382,5
1382,4
1382,3
1382,2
1382,1
1382,0
1374,5
1374,4
1374,3
1374,2
1374,1
1374,0
1366,5
1366,4
1366,3
1366,2
1366,1
1366,0
1351,511
1351,510
1351,509
1351,508
1351,507
1351,506
1351,505
1351,504
1351,503
1351,502
1351,501
1351,500
1351,499
1351,498
1351,497
1351,496
1351,495
1351,494
1351,493
1351,492
1351,491
1351,490
1351,489
1351,488
1351,487
1351,486
1351,485
1351,484
1351,483
1351,482
1351,481
1351,480
1351,479
1351,478
1351,477
1351,476
1351,475
1351,474
1351,473
1351,472
1351,471
1351,470
1351,469
1351,468
1351,467
1351,466
1351,465
1351,464
1351,463
1351,462
1351,461
1351,460
1351,459
1351,458
1351,457
1351,456
1351,455
1351,454
1351,453
1351,452
1351,451
1351,450
1351,449
1351,448
1358,37
1358,36
1358,35
1358,34
1358,33
1358,32
1358,31
1358,30
1358,29
1358,28
1358,27
1358,26
1358,25
1358,24
1358,23
1358,22
1358,21
1358,20
1358,19
1358,18
1358,17
1358,16
1358,15
1358,14
1358,13
1358,12
1358,11
1358,10
1358,9
1358,8
1358,7
1358,6
1358,5
1358,4
1358,3
1358,2
1358,1
1358,0
1350,5
1350,4
1350,3
1350,2
1350,1
1350,0
1342,5
1342,4
1342,3
1342,2
1342,1
1342,0
1326,575
1326,574
1326,573
1326,572
1326,571
1326,570
1326,569
1326,568
1326,567
1326,566
1326,565
1326,564
1326,563
1326,562
1326,561
1326,560
1326,559
1326,558
1326,557
1326,556
1326,555
1326,554
1326,553
1326,552
1326,551
1326,550
1326,549
1326,548
1326,547
1326,546
1326,545
1326,544
1326,543
1326,542
1326,541
1326,540
1326,539
1326,538
1326,537
1326,536
1326,535
1326,534
1326,533
1326,532
1326,531
1326,530
1326,529
1326,528
1326,527
1326,526
1326,525
1326,524
1326,523
1326,522
1326,521
1326,520
1326,519
1326,518
1326,517
1326,516
1326,515
1326,514
1326,513
1326,512
1333,90
1333,89
1333,88
1333,87
1333,86
1333,85
1333,84
1333,83
1333,82
1333,81
1333,80
1333,79
1333,78
1333,77
1333,76
1333,75
1333,74
1333,73
1326,39
1326,38
1326,37
1326,36
1326,35
1326,34
1326,33
1326,32
1326,31
1326,30
1326,29
1326,28
1326,27
1326,26
1326,25
1326,24
1326,23
1326,22
1326,21
1326,20
1326,19
1326,18
1326,17
1326,16
1326,15
1326,14
1326,13
1326,12
1326,11
1326,10
1326,9
1326,8
1333,72
1333,71
1333,70
1333,69
1333,68
1333,67
1333,66
1333,65
1333,64
1334,37
1334,36
1334,35
1334,34
1334,33
1334,32
1334,31
1334,30
1334,29
1334,28
1334,27
1334,26
1334,25
1334,24
1334,23
1334,22
1334,21
1334,20
1334,19
1334,18
1334,17
1334,16
1334,15
1334,14
1334,13
1334,12
1334,11
1334,10
1334,9
1334,8
1334,7
1334,6
1334,5
1334,4
1334,3
1334,2
1334,1
1334,0
1326,7
1326,6
1326,5
1326,4
1326,3
1326,2
1326,1
1326,0
1318,5
1318,4
1318,3
1318,2
1318,1
1318,0
1301,639
1301,638
1301,637
1301,636
1301,635
1301,634
1301,633
1301,632
1301,631
1301,630
1301,629
1301,628
1301,627
1301,626
1301,625
1301,624
1301,623
1301,622
1301,621
1301,620
1301,619
1301,618
1301,617
1301,616
1301,615
1301,614
1301,613
1301,612
1301,611
1301,610
1301,609
1301,608
1301,607
1301,606
1301,605
1301,604
1301,603
1301,602
1301,601
1301,600
1301,599
1301,598
1301,597
1301,596
1301,595
1301,594
1301,593
1301,592
1301,591
1301,590
1301,589
1301,588
1301,587
1301,586
1301,585
1301,584
1301,583
1301,582
1301,581
1301,580
1301,579
1301,578
1301,577
1301,576
1302,9
1309,84
1309,83
1309,82
1309,81
1309,80
1309,79
1302,8
1301,127
1301,126
1301,125
1301,124
1301,123
1301,122
1301,121
1301,120
1301,119
1301,118
1301,117
1301,116
1301,115
1301,114
1301,113
1301,112
1301,111
1301,110
1301,109
1301,108
1301,107
1301,106
1301,105
1301,104
1301,103
1301,102
1301,101
1301,100
1301,99
1301,98
1301,97
1301,96
1301,95
1301,94
1301,93
1301,92
1301,91
1301,90
1301,89
1301,88
1301,87
1301,86
1301,85
1301,84
1301,83
1301,82
1301,81
1301,80
1301,79
1301,78
1301,77
1301,76
1301,75
1301,74
1301,73
1301,72
1301,71
1301,70
1301,69
1301,68
1301,67
1301,66
1301,65
1301,64
1310,7
1310,6
1309,78
1302,7
1302,6
1309,77
1309,76
1309,75
1309,74
1309,73
1309,72
1309,71
1309,70
1309,69
1309,68
1309,67
1309,66
1309,65
1309,64
1310,5
1310,4
1310,3
1310,2
1310,1
1310,0
1302,5
1302,4
1302,3
1302,2
1302,1
1302,0
1294,5
1294,4
1294,3
1294,2
1294,1
1294,0
1276,1206
1276,1205
1276,1204
1276,1203
1276,1202
1276,1201
1276,1200
1276,1199
1276,1198
1276,1197
1276,1196
1276,1195
1276,1194
1276,1193
1276,1192
1276,1191
1276,1190
1276,1189
1276,1188
1276,1187
1276,1186
1276,1185
1276,1184
1276,1183
1276,1182
1276,1181
1276,1180
1276,1179
1276,1178
1276,1177
1276,1176
1276,1175
1276,1174
1276,1173
1276,1172
1276,1171
1276,1170
1276,1169
1276,1168
1276,1167
1276,1166
1276,1165
1276,1164
1276,1163
1276,1162
1276,1161
1276,1160
1276,1159
1276,1158
1276,1157
1276,1156
1276,1155
1276,1154
1276,1153
1276,1152
1276,703
1276,702
1276,701
1276,700
1276,699
1276,698
1276,697
1276,696
1276,695
1276,694
1276,693
1276,692
1276,691
1276,690
1276,689
1276,688
1276,687
1276,686
1276,685
1276,684
1276,683
1276,682
1276,681
1276,680
1276,679
1276,678
1276,677
1276,676
1276,675
1276,674
1276,673
1276,672
1276,671
1276,670
1276,669
1276,668
1276,667
1276,666
1276,665
1276,664
1276,663
1276,662
1276,661
1276,660
1276,659
1276,658
1276,657
1276,656
1276,655
1276,654
1276,653
1276,652
1276,651
1276,650
1276,649
1276,648
1276,647
1276,646
1276,645
1276,644
1276,643
1276,642
1276,641
1276,640
1276,191
1276,190
1276,189
1276,188
1276,187
1276,186
1276,185
1276,184
1276,183
1276,182
1276,181
1276,180
1276,179
1276,178
1276,177
1276,176
1276,175
1276,174
1276,173
1276,172
1276,171
1276,170
1276,169
1276,168
1276,167
1276,166
1276,165
1276,164
1276,163
1276,162
1276,161
1276,160
1276,159
1276,158
1276,157
1276,156
1276,155
1276,154
1276,153
1276,152
1276,151
1276,150
1276,149
1276,148
1276,147
1276,146
1276,145
1276,144
1276,143
1276,142
1276,141
1276,140
1276,139
1276,138
1276,137
1276,136
1276,135
1276,134
1276,133
1276,132
1276,131
1276,130
1276,129
1276,128
1278,34
1278,33
1278,32
1278,31
1278,30
1278,29
1278,28
1278,27
1278,26
1278,25
1278,24
1278,23
1278,22
1278,21
1278,20
1278,19
1278,18
1278,17
1278,16
1278,15
1278,14
1278,13
1278,12
1278,11
1278,10
1278,9
1278,8
1278,7
1278,6
1286,5
1286,4
1286,3
1286,2
1286,1
1286,0
1278,5
1278,4
1278,3
1278,2
1278,1
1278,0
1270,5
1270,4
1270,3
1270,2
1270,1
1270,0
1251,750
1251,749
1251,748
1251,747
1251,746
1251,745
1251,744
1251,743
1251,742
1251,741
1251,740
1251,739
1251,738
1251,737
1251,736
1251,735
1251,734
1251,733
1251,732
1251,731
1251,730
1251,729
1251,728
1251,727
1251,726
1251,725
1251,724
1251,723
1251,722
1251,721
1251,720
1251,719
1251,718
1251,717
1251,716
1251,715
1251,714
1251,713
1251,712
1251,711
1251,710
1251,709
1251,708
1251,707
1251,706
1251,705
1251,704
1251,255
1251,254
1251,253
1251,252
1251,251
1251,250
1251,249
1251,248
1251,247
1251,246
1251,245
1251,244
1251,243
1251,242
1251,241
1251,240
1251,239
1251,238
1251,237
1251,236
1251,235
1251,234
1251,233
1251,232
1251,231
1251,230
1251,229
1251,228
1251,227
1251,226
1251,225
1251,224
1251,223
1251,222
1251,221
1251,220
1251,219
1251,218
1251,217
1251,216
1251,215
1251,214
1251,213
1251,212
1251,211
1251,210
1251,209
1251,208
1251,207
1251,206
1251,205
1251,204
1251,203
1251,202
1251,201
1251,200
1251,199
1251,198
1251,197
1251,196
1251,195
1251,194
1251,193
1251,192
1254,37
1254,36
1254,35
1254,34
1254,33
1254,32
1254,31
1254,30
1254,29
1254,28
1254,27
1254,26
1254,25
1254,24
1254,23
1254,22
1254,21
1254,20
1254,19
1254,18
1254,17
1254,16
1254,15
1254,14
1254,13
1254,12
1254,11
1254,10
1254,9
1254,8
1254,7
1254,6
1262,5
1262,4
1262,3
1262,2
1262,1
1262,0
1254,5
1254,4
1254,3
1254,2
1254,1
1254,0
1246,5
1246,4
1246,3
1246,2
1246,1
1246,0
1229,64
1238,37
1238,36
1238,35
1238,34
1238,33
1238,32
1238,31
1238,30
1238,29
1238,28
1238,27
1238,26
1238,25
1238,24
1238,23
1238,22
1238,21
1238,20
1238,19
1238,18
1238,17
1238,16
1238,15
1238,14
1238,13
1238,12
1238,11
1238,10
1238,9
1238,8
1238,7
1238,6
1238,5
1238,4
1238,3
1238,2
1238,1
1238,0
1230,5
1230,4
1230,3
1230,2
1230,1
1230,0
1222,5
1222,4
1222,3
1222,2
1222,1
1222,0
1214,5
1214,4
1214,3
1214,2
1214,1
1214,0
1213,639
1213,638
1213,637
1213,636
1213,635
1213,634
1213,633
1213,632
1213,631
1213,630
1213,629
1213,628
1213,627
1213,626
1213,625
1213,624
1213,623
1213,622
1213,621
1213,620
1213,619
1213,618
1213,617
1213,616
1213,615
1213,614
1213,613
1213,612
1213,611
1213,610
1213,609
1213,608
1213,607
1213,606
1213,605
1213,604
1213,603
1213,602
1213,601
1213,600
1213,599
1213,598
1213,597
1213,596
1213,595
1213,594
1213,593
1213,592
1213,591
1213,590
1213,589
1213,588
1213,587
1213,586
1213,585
1213,584
1213,583
1213,582
1213,581
1213,580
1213,579
1213,578
1213,577
1213,576
1212,189
1212,188
1212,187
1212,186
1212,185
1212,184
1212,183
1212,182
1212,181
1212,180
1212,179
1212,178
1212,177
1212,176
1212,175
1212,174
1212,173
1212,172
1212,171
1212,170
1212,169
1212,168
1212,167
1212,166
1212,165
1212,164
1212,163
1212,162
1212,161
1212,160
1212,159
1212,158
1212,157
1212,156
1212,155
1212,154
1212,153
1212,152
1212,151
1212,150
1212,149
1212,148
1212,147
1212,146
1212,145
1212,144
1212,143
1212,142
1212,141
1212,140
1212,139
1212,138
1213,127
1213,126
1213,125
1213,124
1213,123
1213,122
1213,121
1213,120
1213,119
1213,118
1213,117
1213,116
1213,115
1213,114
1213,113
1213,112
1213,111
1213,110
1213,109
1213,108
1213,107
1213,106
1213,105
1213,104
1213,103
1213,102
1213,101
1213,100
1213,99
1213,98
1213,97
1213,96
1213,95
1213,94
1213,93
1213,92
1213,91
1213,90
1213,89
1213,88
1213,87
1213,86
1213,85
1213,84
1213,83
1213,82
1213,81
1213,80
1213,79
1213,78
1213,77
1213,76
1213,75
1213,74
1213,73
1213,72
1213,71
1213,70
1213,69
1213,68
1213,67
1213,66
1213,65
1213,64
0,447
0,446
0,436
0,435
0,434
0,433
1212,137
1212,136
1212,135
1212,134
1212,133
1212,132
1212,131
1212,130
1212,129
1212,128
0,428
0,427
0,426
0,425
0,424
0,423
0,422
0,421
1206,35
0,419
0,417
0,416
0,415
0,413
0,412
0,411
0,409
0,407
0,406
0,405
0,404
0,403
0,402
0,401
0,400
0,398
1206,37
1206,36
1206,34
1206,33
1206,32
1206,31
1206,30
1206,29
1206,28
1206,27
1206,26
1206,25
1206,24
1206,23
1206,22
1206,21
1206,20
1206,19
1206,18
1206,17
1206,16
1206,15
1206,14
1206,13
1206,12
1206,11
1206,10
1206,9
1206,8
1206,7
1206,6
1206,5
1206,4
1206,3
1206,2
1206,1
1206,0
62,3
62,1
62,0
54,5
54,3
54,1
54,0
14,8
14,7
14,6
14,5
14,4
14,3
14,2
14,1
14,0
0,445
0,444
0,439
0,431
0,440
0,430
0,429
0,420
0,418
0,414
0,410
0,408
0,442
0,443
0,438
0,399
0,395
0,394
0,384
0,393
0,392
0,397
0,391
0,396
0,432
0,390
0,389
0,388
0,387
0,386
0,437
0,385
0,441
1415,8
1415,7
1415,6
63,39
1422,79
1422,78
1422,77
1422,76
1422,75
1422,74
1422,73
1422,72
1422,71
1422,70
1422,69
1422,68
1422,67
1422,66
1422,65
1422,64
1423,5
1423,4
1423,3
1423,2
1423,1
1423,0
1415,5
1415,4
1415,3
1415,2
1415,1
1415,0
1413,135
1413,134
1413,133
1413,132
1413,131
1413,130
1413,129
1413,128
1401,447
1401,446
1401,445
1401,444
1401,443
1401,442
1401,441
1401,440
1401,439
1401,438
1401,437
1401,436
1401,435
1401,434
1401,433
1401,432
1401,431
1401,430
1401,429
1401,428
1401,427
1401,426
1401,425
1401,424
1401,423
1401,422
1401,421
1401,420
1401,419
1401,418
1401,417
1401,416
1401,415
1401,414
1401,413
1401,412
1401,411
1401,410
1401,409
1401,408
1401,407
1401,406
1401,405
1401,404
1401,403
1401,402
1401,401
1401,400
1401,399
1401,398
1401,397
1401,396
1401,395
1401,394
1401,393
1401,392
1401,391
1401,390
1401,389
1401,388
1401,387
1401,386
1401,385
1401,384
1407,10
1407,9
1407,8
1407,7
1407,6
1407,5
1407,4
1407,3
1407,2
1407,1
1407,0
1399,5
1399,4
1399,3
1399,2
1399,1
1399,0
1391,5
1391,4
1391,3
1391,2
1391,1
1391,0
1376,511
1376,510
1376,509
1376,508
1376,507
1376,506
1376,505
1376,504
1376,503
1376,502
1376,501
1376,500
1376,499
1376,498
1376,497
1376,496
1376,495
1376,494
1376,493
1376,492
1376,491
1376,490
1376,489
1376,488
1376,487
1376,486
1376,485
1376,484
1376,483
1376,482
1376,481
1376,480
1376,479
1376,478
1376,477
1376,476
1376,475
1376,474
1376,473
1376,472
1376,471
1376,470
1376,469
1376,468
1376,467
1376,466
1376,465
1376,464
1376,463
1376,462
1376,461
1376,460
1376,459
1376,458
1376,457
1376,456
1376,455
1376,454
1376,453
1376,452
1376,451
1376,450
1376,449
1376,448
1383,37
1383,36
1383,35
1383,34
1383,33
1383,32
1383,31
1383,30
1383,29
1383,28
1383,27
1383,26
1383,25
1383,24
1383,23
1383,22
1383,21
1383,20
1383,19
1383,18
1383,17
1383,16
1383,15
1383,14
1383,13
1383,12
1383,11
1383,10
1383,9
1383,8
1383,7
1383,6
1383,5
1383,4
1383,3
1383,2
1383,1
1383,0
1375,5
1375,4
1375,3
1375,2
1375,1
1375,0
1367,5
1367,4
1367,3
1367,2
1367,1
1367,0
1358,92
1358,91
1351,575
1351,574
1351,573
1351,572
1351,571
1351,570
1351,569
1351,568
1351,567
1351,566
1351,565
1351,564
1351,563
1351,562
1351,561
1351,560
1351,559
1351,558
1351,557
1351,556
1351,555
1351,554
1351,553
1351,552
1351,551
1351,550
1351,549
1351,548
1351,547
1351,546
1351,545
1351,544
1351,543
1351,542
1351,541
1351,540
1351,539
1351,538
1351,537
1351,536
1351,535
1351,534
1351,533
1351,532
1351,531
1351,530
1351,529
1351,528
1351,527
1351,526
1351,525
1351,524
1351,523
1351,522
1351,521
1351,520
1351,519
1351,518
1351,517
1351,516
1351,515
1351,514
1351,513
1351,512
1358,90
1358,89
1358,88
1358,87
1358,86
1358,85
1358,84
1358,83
1358,82
1358,81
1358,80
1358,79
1358,78
1358,77
1358,76
1358,75
1358,74
1358,73
1351,39
1351,38
1351,37
1351,36
1351,35
1351,34
1351,33
1351,32
1351,31
1351,30
1351,29
1351,28
1351,27
1351,26
1351,25
1351,24
1351,23
1351,22
1351,21
1351,20
1351,19
1351,18
1351,17
1351,16
1351,15
1351,14
1351,13
1351,12
1351,11
1351,10
1351,9
1351,8
1358,72
1358,71
1358,70
1358,69
1358,68
1358,67
1358,66
1358,65
1358,64
1359,37
1359,36
1359,35
1359,34
1359,33
1359,32
1359,31
1359,30
1359,29
1359,28
1359,27
1359,26
1359,25
1359,24
1359,23
1359,22
1359,21
1359,20
1359,19
1359,18
1359,17
1359,16
1359,15
1359,14
1359,13
1359,12
1359,11
1359,10
1359,9
1359,8
1359,7
1359,6
1359,5
1359,4
1359,3
1359,2
1359,1
1359,0
1351,7
1351,6
1351,5
1351,4
1351,3
1351,2
1351,1
1351,0
1343,5
1343,4
1343,3
1343,2
1343,1
1343,0
1326,638
1326,637
1326,636
1326,635
1326,634
1326,633
1326,632
1326,631
1326,630
1326,629
1326,628
1326,627
1326,626
1326,625
1326,624
1326,623
1326,622
1326,621
1326,620
1326,619
1326,618
1326,617
1326,616
1326,615
1326,614
1326,613
1326,612
1326,611
1326,610
1326,609
1326,608
1326,607
1326,606
1326,605
1326,604
1326,603
1326,602
1326,601
1326,600
1326,599
1326,598
1326,597
1326,596
1326,595
1326,594
1326,593
1326,592
1326,591
1326,590
1326,589
1326,588
1326,587
1326,586
1326,585
1326,584
1326,583
1326,582
1326,581
1326,580
1326,579
1326,578
1326,577
1326,576
1327,9
1334,84
1334,83
1334,82
1334,81
1334,80
1334,79
1327,8
1326,127
1326,126
1326,125
1326,124
1326,123
1326,122
1326,121
1326,120
1326,119
1326,118
1326,117
1326,116
1326,115
1326,114
1326,113
1326,112
1326,111
1326,110
1326,109
1326,108
1326,107
1326,106
1326,105
1326,104
1326,103
1326,102
1326,101
1326,100
1326,99
1326,98
1326,97
1326,96
1326,95
1326,94
1326,93
1326,92
1326,91
1326,90
1326,89
1326,88
1326,87
1326,86
1326,85
1326,84
1326,83
1326,82
1326,81
1326,80
1326,79
1326,78
1326,77
1326,76
1326,75
1326,74
1326,73
1326,72
1326,71
1326,70
1326,69
1326,68
1326,67
1326,66
1326,65
1326,64
1335,7
1335,6
1334,78
1327,7
1327,6
1334,77
1334,76
1334,75
1334,74
1334,73
1334,72
1334,71
1334,70
1334,69
1334,68
1334,67
1334,66
1334,65
1334,64
1335,5
1335,4
1335,3
1335,2
1335,1
1335,0
1327,5
1327,4
1327,3
1327,2
1327,1
1327,0
1319,5
1319,4
1319,3
1319,2
1319,1
1319,0
1301,191
1301,190
1301,189
1301,188
1301,187
1301,186
1301,185
1301,184
1301,183
1301,182
1301,181
1301,180
1301,179
1301,178
1301,177
1301,176
1301,175
1301,174
1301,173
1301,172
1301,171
1301,170
1301,169
1301,168
1301,167
1301,166
1301,165
1301,164
1301,163
1301,162
1301,161
1301,160
1301,159
1301,158
1301,157
1301,156
1301,155
1301,154
1301,153
1301,152
1301,151
1301,150
1301,149
1301,148
1301,147
1301,146
1301,145
1301,144
1301,143
1301,142
1301,141
1301,140
1301,139
1301,138
1301,137
1301,136
1301,135
1301,134
1301,133
1301,132
1301,131
1301,130
1301,129
1301,128
1303,33
1303,32
1303,31
1303,30
1303,29
1303,28
1303,27
1303,26
1303,25
1303,24
1303,23
1303,22
1303,21
1303,20
1303,19
1303,18
1303,17
1303,16
1303,15
1303,14
1303,13
1303,12
1303,11
1303,10
1303,9
1303,8
1303,7
1303,6
1311,5
1311,4
1311,3
1311,2
1311,1
1311,0
1303,5
1303,4
1303,3
1303,2
1303,1
1303,0
1295,5
1295,4
1295,3
1295,2
1295,1
1295,0
1276,767
1276,766
1276,765
1276,764
1276,763
1276,762
1276,761
1276,760
1276,759
1276,758
1276,757
1276,756
1276,755
1276,754
1276,753
1276,752
1276,751
1276,750
1276,749
1276,748
1276,747
1276,746
1276,745
1276,744
1276,743
1276,742
1276,741
1276,740
1276,739
1276,738
1276,737
1276,736
1276,735
1276,734
1276,733
1276,732
1276,731
1276,730
1276,729
1276,728
1276,727
1276,726
1276,725
1276,724
1276,723
1276,722
1276,721
1276,720
1276,719
1276,718
1276,717
1276,716
1276,715
1276,714
1276,713
1276,712
1276,711
1276,710
1276,709
1276,708
1276,707
1276,706
1276,705
1276,704
1276,255
1276,254
1276,253
1276,252
1276,251
1276,250
1276,249
1276,248
1276,247
1276,246
1276,245
1276,244
1276,243
1276,242
1276,241
1276,240
1276,239
1276,238
1276,237
1276,236
1276,235
1276,234
1276,233
1276,232
1276,231
1276,230
1276,229
1276,228
1276,227
1276,226
1276,225
1276,224
1276,223
1276,222
1276,221
1276,220
1276,219
1276,218
1276,217
1276,216
1276,215
1276,214
1276,213
1276,212
1276,211
1276,210
1276,209
1276,208
1276,207
1276,206
1276,205
1276,204
1276,203
1276,202
1276,201
1276,200
1276,199
1276,198
1276,197
1276,196
1276,195
1276,194
1276,193
1276,192
1279,37
1279,36
1279,35
1279,34
1279,33
1279,32
1279,31
1279,30
1279,29
1279,28
1279,27
1279,26
1279,25
1279,24
1279,23
1279,22
1279,21
1279,20
1279,19
1279,18
1279,17
1279,16
1279,15
1279,14
1279,13
1279,12
1279,11
1279,10
1279,9
1279,8
1279,7
1279,6
1287,5
1287,4
1287,3
1287,2
1287,1
1287,0
1279,5
1279,4
1279,3
1279,2
1279,1
1279,0
1271,5
1271,4
1271,3
1271,2
1271,1
1271,0
1254,89
1254,88
1254,87
1254,86
1254,85
1254,84
1254,83
1254,82
1254,81
1254,80
1254,79
1254,78
1254,77
55,4
1251,319
1251,318
1251,317
1251,316
1251,315
1251,314
1251,313
1251,312
1251,311
1251,310
1251,309
1251,308
1251,307
1251,306
1251,305
1251,304
1251,303
1251,302
1251,301
1251,300
1251,299
1251,298
1251,297
1251,296
1251,295
1251,294
1251,293
1251,292
1251,291
1251,290
1251,289
1251,288
1251,287
1251,286
1251,285
1251,284
1251,283
1251,282
1251,281
1251,280
1251,279
1251,278
1251,277
1251,276
1251,275
1251,274
1251,273
1251,272
1251,271
1251,270
1251,269
1251,268
1251,267
1251,266
1251,265
1251,264
1251,263
1251,262
1251,261
1251,260
1251,259
1251,258
1251,257
1251,256
1254,76
1254,75
1254,74
1254,73
1254,72
1254,71
1254,70
1254,69
1254,68
1254,67
1254,66
1254,65
1254,64
1263,37
1263,36
1263,35
1263,34
1263,33
1263,32
1263,31
1263,30
1263,29
1263,28
1263,27
1263,26
1263,25
1263,24
1263,23
1263,22
1263,21
1263,20
1263,19
1263,18
1263,17
1263,16
1263,15
1263,14
1263,13
1263,12
1263,11
1263,10
1263,9
1263,8
1263,7
1263,6
1263,5
1263,4
1263,3
1263,2
1263,1
1263,0
1255,5
1255,4
1255,3
1255,2
1255,1
1255,0
1247,5
1247,4
1247,3
1247,2
1247,1
1247,0
1239,5
1239,4
1239,3
1239,2
1239,1
1239,0
63,38
1238,83
1238,82
1238,81
1238,80
1238,79
1238,78
1238,77
1238,76
1238,75
1238,74
1238,73
1238,72
1238,71
1238,70
1238,69
1238,68
1238,67
1238,66
1238,65
1238,64
1231,5
1231,4
1231,3
1231,2
1231,1
1231,0
1223,5
1223,4
1223,3
1223,2
1223,1
1223,0
1215,5
1215,4
1215,3
1215,2
1215,1
1215,0
1213,703
1213,702
1213,701
1213,700
1213,699
1213,698
1213,697
1213,696
1213,695
1213,694
1213,693
1213,692
1213,691
1213,690
1213,689
1213,688
1213,687
1213,686
1213,685
1213,684
1213,683
1213,682
1213,681
1213,680
1213,679
1213,678
1213,677
1213,676
1213,675
1213,674
1213,673
1213,672
1213,671
1213,670
1213,669
1213,668
1213,667
1213,666
1213,665
1213,664
1213,663
1213,662
1213,661
1213,660
1213,659
1213,658
1213,657
1213,656
1213,655
1213,654
1213,653
1213,652
1213,651
1213,650
1213,649
1213,648
1213,647
1213,646
1213,645
1213,644
1213,643
1213,642
1213,641
1213,640
1191,13
1191,12
1213,191
1213,190
1213,189
1213,188
1213,187
1213,186
1213,185
1213,184
1213,183
1213,182
1213,181
1213,180
1213,179
1213,178
1213,177
1213,176
1213,175
1213,174
1213,173
1213,172
1213,171
1213,170
1213,169
1213,168
1213,167
1213,166
1213,165
1213,164
1213,163
1213,162
1213,161
1213,160
1213,159
1213,158
1213,157
1213,156
1213,155
1213,154
1213,153
1213,152
1213,151
1213,150
1213,149
1213,148
1213,147
1213,146
1213,145
1213,144
1213,143
1213,142
1213,141
1213,140
1213,139
1213,138
1213,137
1213,136
1213,135
1213,134
1213,133
1213,132
1213,131
1213,130
1213,129
1213,128
1206,127
1206,126
1206,125
1206,124
1206,123
1206,122
1206,121
1206,120
1206,119
1206,118
1206,117
1206,116
1206,115
1206,114
1206,113
1206,112
1206,111
1206,110
1206,109
63,2
63,36
1191,11
1191,10
63,24
63,17
63,20
63,12
1207,5
1207,4
1207,3
1207,2
1207,1
1207,0
1206,108
1206,107
1206,106
1206,105
1206,104
1206,103
1206,102
1206,101
1206,100
1206,99
1206,98
1206,97
1206,96
1206,95
1206,94
1206,93
1206,92
1206,91
1206,90
1206,89
1206,88
1206,87
1206,86
1206,85
1206,84
1206,83
1206,82
1206,81
1206,80
1206,79
1206,78
1206,77
1206,76
1206,75
1206,74
1206,73
1206,72
1206,71
1206,70
1206,69
1206,68
1206,67
1206,66
1206,65
1206,64
1191,9
1191,8
1191,7
1191,6
1191,5
1191,4
1191,3
1191,2
1191,1
1191,0
63,37
63,35
63,34
63,33
63,32
63,31
63,30
63,29
63,28
63,27
63,26
63,25
63,23
63,22
63,21
63,19
63,18
63,16
63,15
63,14
63,13
63,11
63,9
63,8
63,7
63,6
63,5
63,4
63,3
63,1
63,0
55,5
55,3
55,1
55,0
31,3
31,1
31,0
23,8
23,7
23,3
23,1
23,0
15,3
15,1
15,0
