160,5
160,4
160,3
160,2
160,1
160,0
152,5
152,4
152,3
152,2
152,1
152,0
144,3
144,2
144,1
144,0
136,3
136,2
136,1
136,0
128,5
128,4
128,3
128,2
128,1
128,0
120,5
120,4
120,3
120,2
120,1
120,0
112,38
112,37
112,36
112,35
112,34
112,33
112,32
112,31
112,30
112,29
112,28
112,27
112,26
112,25
112,24
112,23
112,22
112,21
112,20
112,19
112,18
112,17
112,16
112,15
112,14
112,13
112,12
112,11
112,10
112,9
112,8
112,7
112,6
112,5
112,4
112,3
112,2
112,1
112,0
111,111
111,110
111,109
111,108
111,107
111,106
111,105
111,104
111,103
111,102
111,101
111,100
111,99
111,98
111,97
111,96
111,95
111,94
111,93
111,92
111,91
111,90
111,89
111,88
111,87
111,86
111,85
111,84
111,83
111,82
111,81
111,80
111,79
111,78
111,77
111,76
111,75
111,74
111,73
111,72
111,71
111,70
111,69
111,68
111,67
111,66
111,65
111,64
104,18
104,17
104,16
104,15
104,14
104,13
104,12
104,11
104,10
104,9
104,8
104,7
104,6
104,5
104,4
104,3
104,2
104,1
104,0
102,191
102,190
102,189
102,188
102,187
102,186
102,185
102,184
102,183
102,182
102,181
102,180
102,179
102,178
102,177
102,176
102,175
102,174
102,173
102,172
102,171
102,170
102,169
102,168
102,167
102,166
102,165
102,164
102,163
102,162
102,161
102,160
102,159
102,158
102,157
102,156
102,155
102,154
102,153
102,152
102,151
102,150
102,149
102,148
102,147
102,146
102,145
102,144
102,143
102,142
102,141
102,140
102,139
102,138
102,137
102,136
102,135
102,134
102,133
102,132
102,131
102,130
102,129
102,128
80,6
80,5
80,4
80,3
80,2
80,1
80,0
64,5
64,4
64,3
64,2
64,1
64,0
56,5
56,4
56,3
56,2
56,1
56,0
48,5
48,4
48,3
48,2
48,1
48,0
40,6
40,5
40,4
40,3
40,2
40,1
40,0
32,6
32,5
32,4
32,3
32,2
32,1
32,0
16,8
16,7
16,6
16,5
16,4
16,3
16,2
16,1
16,0
0,512
0,9
0,12
0,10
0,8
0,0
0,63
0,62
0,61
0,60
0,59
0,58
0,57
0,56
0,55
0,54
0,53
0,52
0,51
0,50
0,49
0,48
0,47
0,46
0,45
0,6
0,5
0,1
0,11
0,4
0,2
0,3
0,7
161,5
161,4
161,3
161,2
161,1
161,0
153,5
153,4
153,3
153,2
153,1
153,0
145,3
145,2
145,1
145,0
137,3
137,2
137,1
137,0
129,5
129,4
129,3
129,2
129,1
129,0
121,3
121,2
121,1
121,0
113,10
113,9
113,8
113,7
113,6
113,5
113,4
113,3
113,2
113,1
113,0
112,89
112,88
112,87
112,86
112,85
112,84
112,83
112,82
112,81
112,80
112,79
112,78
112,77
112,76
112,75
112,74
112,73
112,72
112,71
112,70
112,69
112,68
112,67
112,66
112,65
112,64
105,22
105,21
105,20
105,19
105,17
105,16
105,15
105,14
105,13
105,11
105,10
105,9
105,8
105,7
105,6
105,4
105,2
65,7
65,6
65,5
65,4
65,3
65,2
65,1
65,0
57,9
57,8
57,7
57,6
57,5
57,4
57,3
57,2
57,1
57,0
49,11
49,10
49,9
49,8
49,7
49,6
49,5
49,4
49,3
49,2
49,1
49,0
41,6
41,5
41,4
41,3
41,2
41,1
41,0
33,5
33,4
33,3
33,2
33,1
33,0
25,3
25,2
25,1
25,0
17,6
17,5
17,4
17,3
17,2
17,1
17,0
1,2
105,12
105,23
105,1
105,18
105,5
105,3
105,0
1,1
1,3
1,0
162,6
162,5
162,4
162,3
162,2
162,1
162,0
154,5
154,4
154,3
154,2
154,1
154,0
146,3
146,2
146,1
146,0
138,3
138,2
138,1
138,0
130,5
130,4
130,3
130,2
130,1
130,0
122,3
122,2
122,1
122,0
114,5
114,4
114,3
114,2
114,1
114,0
106,37
106,36
106,35
106,34
106,33
106,32
106,31
106,30
106,29
106,28
106,27
106,26
106,25
106,24
106,23
106,22
106,21
106,20
106,19
106,18
106,17
106,16
106,15
106,14
106,13
106,12
106,11
106,10
106,9
106,8
106,7
106,6
106,4
106,2
74,6
74,5
74,4
74,3
74,2
74,1
74,0
66,5
66,4
66,3
66,2
66,1
66,0
58,5
58,4
58,3
58,2
58,1
58,0
50,6
50,5
50,4
50,3
50,2
50,1
50,0
42,12
42,11
42,10
42,9
42,8
42,7
42,6
42,5
42,4
42,3
42,2
42,1
42,0
34,7
34,6
34,5
34,4
34,3
34,2
34,1
34,0
26,4
26,3
26,2
26,1
26,0
18,5
18,4
18,3
18,2
18,1
18,0
10,35
10,34
10,33
10,32
10,31
10,30
10,29
10,28
10,27
10,26
10,25
10,24
10,23
10,22
10,21
10,20
10,19
10,18
10,17
10,16
10,15
10,14
10,13
10,12
10,11
10,10
10,9
10,8
10,7
10,6
10,5
10,4
10,3
10,2
10,1
10,0
2,35
2,34
2,33
2,32
2,31
2,30
2,29
2,28
2,27
2,26
2,25
2,24
2,23
2,22
2,21
2,20
2,18
2,17
2,16
2,15
2,14
2,13
2,12
2,11
2,10
2,9
2,8
2,6
2,4
2,2
2,5
106,1
106,5
106,3
106,0
2,7
2,1
2,19
2,3
2,0
163,6
163,5
163,4
163,3
163,2
163,1
163,0
155,5
155,4
155,3
155,2
155,1
155,0
147,3
147,2
147,1
147,0
139,3
139,2
139,1
139,0
131,5
131,4
131,3
131,2
131,1
131,0
123,3
123,2
123,1
123,0
115,3
115,2
115,1
115,0
107,37
107,36
107,35
107,34
107,33
107,32
107,31
107,30
107,29
107,28
107,27
107,26
107,25
107,24
107,23
107,22
107,21
107,20
107,19
107,18
107,17
107,16
107,15
107,14
107,13
107,12
107,11
107,10
107,9
107,8
107,7
107,6
107,4
107,2
106,127
106,126
106,125
106,124
106,123
106,122
106,121
106,120
106,119
106,118
106,117
106,116
106,115
106,114
106,113
106,112
106,111
106,110
106,109
106,108
106,107
106,106
106,105
106,104
106,103
106,102
106,101
106,100
106,99
106,98
106,97
106,96
106,95
106,94
106,93
106,92
106,91
106,90
106,89
106,87
106,86
106,85
106,84
106,83
106,82
106,81
106,80
106,79
106,78
106,77
106,76
106,75
106,74
106,73
106,72
106,71
106,70
106,69
106,68
106,67
106,66
106,65
106,64
83,3
83,2
83,1
83,0
75,6
75,5
75,4
75,3
75,2
75,1
75,0
59,4
59,3
59,2
59,1
59,0
43,5
43,4
43,3
43,2
43,1
43,0
35,4
35,3
35,2
35,1
35,0
27,3
27,2
27,1
27,0
19,4
19,3
19,2
19,1
19,0
11,3
11,2
11,1
11,0
10,75
10,74
10,73
10,72
10,71
10,70
10,69
10,68
10,67
10,66
10,65
10,64
3,6
3,5
3,4
3,3
3,2
3,1
3,0
2,67
2,66
2,65
2,64
0,243
107,1
107,5
107,3
107,0
106,88
0,255
0,254
0,253
0,252
0,251
0,250
0,249
0,248
0,247
0,246
0,245
0,244
0,242
0,241
0,240
0,239
0,238
0,237
0,236
0,235
0,234
0,233
0,232
0,231
0,230
0,229
0,228
0,227
0,226
0,225
0,224
0,223
0,222
0,221
0,220
0,219
0,218
0,217
0,216
0,215
0,214
0,213
0,212
0,211
0,210
0,209
0,208
0,207
0,206
0,205
0,204
0,203
0,202
0,201
0,200
0,199
0,198
0,197
0,196
0,195
0,194
0,193
0,192
164,6
164,5
164,4
164,3
164,2
164,1
164,0
156,5
156,4
156,3
156,2
156,1
156,0
148,3
148,2
148,1
148,0
140,3
140,2
140,1
140,0
132,6
132,5
132,4
132,3
132,2
132,1
132,0
124,3
124,2
124,1
124,0
116,3
116,2
116,1
116,0
108,13
108,12
108,11
108,10
108,9
108,8
108,7
108,6
108,5
108,4
108,3
108,2
108,1
108,0
107,127
107,126
107,125
107,124
107,123
107,122
107,121
107,120
107,119
107,118
107,117
107,116
107,115
107,114
107,113
107,112
107,111
107,110
107,109
107,108
107,107
107,106
107,105
107,104
107,103
107,102
107,101
107,99
107,98
107,97
107,96
107,95
107,94
107,93
107,92
107,91
107,90
107,89
107,88
107,87
107,86
107,85
107,84
107,83
107,82
107,81
107,80
107,79
107,78
107,77
107,76
107,75
107,74
107,73
107,72
107,71
107,70
107,69
107,68
107,67
107,66
107,65
107,64
106,143
106,142
106,141
106,140
106,139
106,138
106,137
106,136
106,135
106,134
106,133
106,132
106,131
106,130
106,129
106,128
100,13
100,12
100,11
100,10
100,9
100,8
100,4
100,2
76,5
76,4
76,3
76,2
76,1
76,0
60,6
60,5
60,4
60,3
60,2
60,1
60,0
52,8
52,7
52,6
52,5
52,4
52,3
52,2
52,1
52,0
44,6
44,5
44,4
44,3
44,2
44,1
44,0
36,6
36,5
36,4
36,3
36,2
36,1
36,0
12,5
12,2
4,2
0,319
0,318
0,316
0,314
0,312
0,311
0,309
4,1
4,3
4,0
100,7
107,100
12,4
12,1
12,3
12,0
100,6
100,1
100,5
100,3
100,0
0,310
0,305
0,308
0,304
0,303
0,302
0,307
0,300
0,301
0,299
0,298
0,297
0,296
0,295
0,313
0,294
0,293
0,292
0,291
0,290
0,289
0,288
0,317
0,287
0,286
0,285
0,284
0,283
0,282
0,281
0,280
0,279
0,278
0,277
0,276
0,275
0,274
0,273
0,315
0,272
0,271
0,270
0,269
0,268
0,267
0,266
0,265
0,264
0,263
0,262
0,261
0,260
0,259
0,258
0,257
0,256
0,306
165,6
165,5
165,4
165,3
165,2
165,1
165,0
157,5
157,4
157,3
157,2
157,1
157,0
149,3
149,2
149,1
149,0
141,3
141,2
141,1
141,0
133,6
133,5
133,4
133,3
133,2
133,1
133,0
125,3
125,2
125,1
125,0
117,6
117,5
117,4
117,3
117,2
117,1
117,0
109,7
109,6
109,5
109,4
109,3
109,2
109,1
109,0
107,149
107,148
107,147
107,146
107,145
107,144
107,143
107,142
107,141
107,140
107,139
107,138
107,137
107,136
107,135
107,134
107,133
107,132
107,131
107,130
107,129
107,128
101,41
101,40
101,39
101,38
101,37
101,36
101,35
101,34
101,33
101,32
101,31
101,30
101,29
101,28
101,27
101,26
101,25
101,24
101,23
101,22
101,21
101,20
101,19
101,18
101,17
101,16
101,15
101,14
101,13
101,12
101,11
101,10
101,9
101,8
101,7
101,6
101,5
101,4
101,3
101,2
101,1
101,0
85,2
77,5
77,4
77,3
77,2
77,1
77,0
69,4
69,3
69,2
69,1
69,0
61,6
61,5
61,4
61,3
61,2
61,1
61,0
53,4
53,3
53,2
53,1
53,0
45,6
45,5
45,4
45,3
45,2
45,1
45,0
37,6
37,5
37,4
37,3
37,2
37,1
37,0
29,6
29,5
29,4
29,3
29,2
29,1
29,0
13,36
13,35
13,34
13,33
13,32
13,31
13,30
13,29
13,28
13,27
13,26
13,25
13,24
13,23
13,22
13,21
13,20
13,19
13,18
13,17
13,16
13,15
13,14
13,13
13,12
13,11
13,10
13,9
13,8
13,7
13,6
13,5
13,4
13,3
13,2
13,1
13,0
0,383
0,381
0,380
0,379
0,378
0,377
0,375
0,373
0,368
0,367
0,361
0,359
0,357
0,355
0,354
0,353
0,352
0,350
0,348
0,346
0,345
0,343
0,342
0,341
0,340
0,338
0,337
0,333
0,331
0,330
0,329
0,327
0,326
0,325
0,322
0,321
0,320
85,5
85,4
85,1
85,3
85,0
0,369
0,371
0,376
0,372
0,362
0,374
0,363
0,356
0,351
0,358
0,335
0,347
0,339
0,366
0,364
0,332
0,334
0,323
0,365
0,328
0,349
0,382
0,370
0,324
0,344
0,336
0,360
166,6
166,5
166,4
166,3
166,2
166,1
166,0
158,6
158,5
158,4
158,3
158,2
158,1
158,0
150,3
150,2
150,1
150,0
142,3
142,2
142,1
142,0
134,5
134,4
134,3
134,2
134,1
134,0
126,6
126,5
126,4
126,3
126,2
126,1
126,0
118,5
118,4
118,3
118,2
118,1
118,0
110,5
110,4
110,3
110,2
110,1
110,0
102,37
102,36
102,35
102,34
102,33
102,32
102,31
102,30
102,29
102,28
102,27
102,26
102,25
102,24
102,23
102,22
102,21
102,20
102,19
102,18
102,17
102,16
102,15
102,14
102,13
102,12
102,11
102,10
102,9
102,8
102,7
102,6
102,5
102,4
102,3
102,2
102,1
102,0
101,80
101,79
101,78
101,77
101,76
101,75
101,74
101,73
101,72
101,71
101,70
101,69
101,68
101,67
101,66
101,65
101,64
78,6
78,5
78,4
78,3
78,2
78,1
78,0
70,5
70,4
70,3
70,2
70,1
70,0
30,8
30,7
30,6
30,5
30,4
30,3
30,2
30,1
30,0
22,8
22,7
22,6
22,5
22,4
22,3
22,2
22,1
22,0
14,5
14,4
14,3
14,2
14,1
14,0
13,109
13,108
13,107
13,106
13,105
13,104
13,103
13,102
13,101
13,100
13,99
13,98
13,97
13,96
13,95
13,94
13,93
13,92
13,91
13,90
13,89
13,88
13,87
13,86
13,85
13,84
13,83
13,82
13,81
13,80
13,79
13,78
13,77
13,76
13,75
13,74
13,73
13,72
13,71
13,70
13,69
13,68
13,67
13,66
13,65
13,64
0,439
0,436
0,435
0,431
0,429
0,425
0,424
0,423
0,422
0,421
0,420
0,418
0,417
0,416
0,415
0,413
0,412
0,410
0,409
0,408
0,402
0,398
0,397
0,394
0,393
0,392
0,387
0,386
0,385
0,384
0,443
0,445
0,406
0,441
0,442
0,438
0,411
0,446
0,395
0,437
0,433
0,388
0,401
0,405
0,428
0,404
0,444
0,434
0,414
0,419
0,391
0,447
0,407
0,399
0,400
0,432
0,427
0,426
0,389
0,396
0,403
0,430
0,390
0,440
167,6
167,5
167,4
167,3
167,2
167,1
167,0
159,6
159,5
159,4
159,3
159,2
159,1
159,0
151,3
151,2
151,1
151,0
143,3
143,2
143,1
143,0
135,6
135,5
135,4
135,3
135,2
135,1
135,0
127,6
127,5
127,4
127,3
127,2
127,1
127,0
119,8
119,7
119,6
119,5
119,4
119,3
119,2
119,1
119,0
111,37
111,36
111,35
111,34
111,33
111,32
111,31
111,30
111,29
111,28
111,27
111,26
111,25
111,24
111,23
111,22
111,21
111,20
111,19
111,18
111,17
111,16
111,15
111,14
111,13
111,12
111,11
111,10
111,9
111,8
111,7
111,6
111,5
111,4
111,3
111,2
111,1
111,0
103,5
103,4
103,3
103,2
103,1
103,0
102,127
102,126
102,125
102,124
102,123
102,122
102,121
102,120
102,119
102,118
102,117
102,116
102,115
102,114
102,113
102,112
102,111
102,110
102,109
102,108
102,107
102,106
102,105
102,104
102,103
102,102
102,101
102,100
102,99
102,98
102,97
102,96
102,95
102,94
102,93
102,92
102,91
102,90
102,89
102,88
102,87
102,86
102,85
102,84
102,83
102,82
102,81
102,80
102,79
102,78
102,77
102,76
102,75
102,74
102,73
102,72
102,71
102,70
102,69
102,68
102,67
102,66
102,65
102,64
79,6
79,5
79,4
79,3
79,2
79,1
79,0
71,6
71,5
71,4
71,3
71,2
71,1
71,0
63,5
63,4
63,3
63,2
63,1
63,0
55,6
55,5
55,4
55,3
55,2
55,1
55,0
47,6
47,5
47,4
47,3
47,2
47,1
47,0
39,3
39,2
39,1
39,0
23,4
23,3
23,2
23,1
23,0
15,4
15,3
15,2
15,1
15,0
0,495
0,462
0,508
0,507
0,484
0,454
0,451
0,457
0,492
0,456
0,468
0,483
0,479
0,487
0,461
0,455
0,478
0,496
0,503
0,486
0,450
0,460
0,475
0,467
0,494
0,477
0,502
0,459
0,493
0,506
0,501
0,482
0,491
0,476
0,474
0,473
0,472
0,500
0,449
0,481
0,453
0,505
0,448
0,471
0,499
0,490
0,489
0,488
0,458
0,504
0,470
0,466
0,465
0,480
0,469
0,452
0,464
0,498
0,463
0,485
0,497
